25: 24, 60, 101, 19, 88, 43, 135, 7, 151, 11, 41, 90, 63, 26, 161, 56, 2, 84, 71, 12, 89, 100, 109, 150, 139, 16, 39, 129, 72, 29, 36, 119, 73, 31, 126, 97, 96, 50, 82, 77, 37, 105, 27, 79, 86, 64, 131, 42, 23, 55, 14
18: 24, 60, 47, 113, 19, 88, 43, 7, 11, 4, 63, 21, 69, 26, 171, 128, 2, 33, 110, 12, 157, 109, 134, 9, 16, 154, 6, 39, 116, 72, 92, 74, 36, 73, 66, 111, 31, 45, 96, 50, 163, 37, 82, 124, 99, 15, 46, 23, 55, 14, 20
93: 24, 60, 19, 88, 43, 7, 11, 63, 69, 62, 2, 87, 108, 33, 65, 84, 12, 17, 16, 39, 98, 54, 74, 36, 31, 10, 82, 80, 103, 23, 55, 14
4: 24, 60, 47, 19, 88, 43, 7, 11, 63, 21, 69, 62, 2, 33, 12, 157, 153, 16, 39, 115, 36, 45, 82, 23, 55, 14
58: 24, 60, 19, 88, 43, 7, 11, 63, 69, 2, 84, 12, 16, 39, 54, 36, 82, 152, 23, 55, 14
15: 24, 60, 47, 113, 19, 88, 43, 7, 11, 18, 63, 21, 69, 4, 26, 62, 171, 128, 2, 33, 110, 12, 157, 109, 134, 9, 16, 154, 39, 116, 72, 92, 74, 36, 73, 66, 111, 31, 45, 96, 50, 82, 37, 163, 124, 99, 46, 23, 55, 14, 20
45: 24, 60, 47, 19, 88, 43, 7, 11, 4, 63, 21, 69, 62, 2, 33, 12, 157, 153, 16, 39, 115, 36, 82, 23, 55, 14
5: 24, 60, 19, 30, 88, 43, 7, 11, 63, 69, 62, 2, 12, 78, 16, 6, 39, 54, 142, 36, 31, 82, 23, 55, 14
13: 24, 60, 19, 88, 43, 7, 11, 63, 69, 62, 2, 87, 33, 65, 84, 12, 17, 16, 39, 98, 54, 74, 36, 31, 10, 127, 82, 51, 80, 103, 23, 55, 14
22: 24, 60, 19, 88, 43, 7, 11, 63, 69, 2, 87, 33, 65, 84, 12, 17, 16, 39, 98, 54, 74, 36, 31, 10, 82, 80, 103, 23, 55, 14
47: 24, 60, 19, 88, 43, 7, 11, 4, 63, 21, 69, 62, 2, 33, 12, 157, 16, 39, 36, 45, 82, 23, 55, 14
1: 24, 60, 19, 88, 43, 7, 11, 63, 69, 2, 87, 108, 33, 65, 84, 12, 17, 16, 39, 98, 54, 74, 36, 31, 10, 82, 80, 103, 23, 55, 14
29: 24, 60, 101, 19, 88, 43, 135, 7, 151, 11, 41, 90, 63, 26, 161, 56, 2, 84, 71, 12, 89, 100, 109, 150, 139, 16, 39, 129, 72, 36, 119, 73, 31, 126, 97, 96, 50, 82, 77, 37, 105, 27, 25, 79, 86, 64, 131, 42, 23, 55, 14
61: 24, 60, 19, 88, 43, 7, 11, 63, 69, 62, 2, 12, 16, 6, 39, 54, 36, 170, 82, 152, 23, 14
38: 24, 60, 19, 88, 43, 7, 11, 63, 69, 62, 2, 87, 108, 33, 65, 12, 17, 16, 39, 98, 54, 74, 36, 31, 10, 82, 80, 103, 23, 55, 14
10: 24, 60, 76, 19, 88, 43, 7, 11, 63, 69, 62, 2, 33, 84, 12, 16, 39, 54, 36, 31, 82, 23, 55, 14
68: 24, 60, 19, 88, 43, 7, 11, 63, 69, 2, 87, 33, 65, 84, 12, 17, 16, 39, 98, 54, 74, 36, 31, 10, 127, 82, 51, 80, 103, 23, 55, 14
53: 24, 60, 19, 88, 43, 7, 11, 67, 63, 69, 62, 2, 87, 33, 65, 84, 12, 17, 136, 16, 39, 98, 54, 74, 36, 31, 10, 127, 82, 51, 80, 103, 23, 55, 14
27: 24, 60, 101, 19, 28, 88, 43, 135, 7, 151, 11, 41, 90, 63, 26, 161, 56, 2, 84, 71, 12, 89, 100, 109, 150, 139, 16, 39, 129, 72, 29, 36, 119, 73, 31, 126, 97, 96, 168, 50, 82, 77, 37, 105, 25, 79, 86, 64, 42, 23, 55, 14
44: 24, 60, 19, 88, 43, 7, 11, 67, 63, 69, 2, 87, 33, 65, 84, 12, 17, 136, 16, 39, 98, 54, 74, 36, 31, 10, 127, 82, 51, 80, 103, 23, 55, 14
35: 24, 60, 76, 19, 88, 43, 7, 11, 63, 69, 62, 2, 33, 84, 12, 16, 39, 54, 36, 31, 82, 23, 55, 14
30: 24, 60, 19, 88, 43, 7, 11, 5, 63, 69, 62, 2, 12, 78, 16, 6, 39, 54, 142, 36, 31, 82, 23, 55, 14
34: 24, 60, 19, 88, 43, 7, 11, 63, 69, 62, 2, 87, 33, 65, 12, 17, 16, 39, 98, 54, 74, 36, 31, 10, 82, 80, 103, 23, 55, 14
56: 24, 60, 101, 19, 28, 88, 43, 135, 7, 151, 11, 41, 90, 63, 26, 161, 2, 84, 71, 12, 89, 100, 109, 150, 139, 16, 39, 129, 72, 29, 36, 119, 73, 31, 126, 97, 96, 50, 82, 77, 37, 105, 25, 79, 86, 64, 42, 23, 55, 14
32: 24, 60, 19, 88, 43, 7, 11, 63, 69, 62, 2, 87, 33, 65, 84, 12, 17, 16, 39, 98, 54, 74, 36, 31, 10, 82, 80, 103, 23, 55, 14
20: 24, 60, 47, 113, 19, 88, 43, 7, 11, 18, 63, 21, 69, 4, 26, 171, 128, 2, 33, 110, 12, 157, 109, 134, 9, 16, 154, 6, 39, 116, 72, 92, 74, 36, 73, 66, 111, 31, 45, 96, 50, 163, 82, 37, 124, 99, 15, 46, 165, 23, 55, 14
83: 24, 60, 19, 88, 43, 7, 11, 63, 69, 2, 87, 108, 33, 65, 84, 12, 17, 16, 39, 98, 54, 74, 36, 31, 10, 82, 80, 103, 23, 55, 14
59: 24, 60, 19, 88, 43, 7, 11, 63, 69, 2, 87, 33, 65, 84, 12, 17, 16, 39, 98, 54, 74, 36, 31, 10, 82, 80, 103, 23, 55, 14
9: 24, 60, 47, 113, 19, 88, 43, 7, 11, 18, 63, 21, 69, 4, 26, 171, 128, 2, 33, 110, 12, 157, 109, 134, 16, 154, 6, 39, 116, 72, 92, 74, 36, 73, 66, 111, 31, 45, 96, 50, 82, 163, 37, 124, 99, 15, 46, 23, 55, 14, 20
57: 47, 15, 30, 45, 5, 4, 18, 9, 20
133: 47, 15, 30, 45, 5, 18, 20
141: 15, 30, 4, 5, 18, 9, 20
3: 47, 15, 30, 4, 5, 45, 18, 9, 20
85: 47, 15, 30, 5, 18, 9, 20
52: 38, 47, 30, 13, 5, 18, 58, 4, 1, 44, 32, 9, 83, 59, 53, 93, 22, 10, 45, 61, 15, 68, 34, 35, 20
70: 47, 15, 30, 5, 18, 9, 20
117: 15, 30, 5, 18, 9, 20
146: 15, 30, 4, 5, 18, 9, 20
112: 15, 30, 45, 5, 18, 9, 20
123: 15, 30, 45, 5, 18
40: 30, 4, 5, 18, 9, 20
144: 47, 15, 30, 5, 18, 9, 20
107: 15, 30, 5, 18, 9, 20
49: 15, 30, 5, 18, 9, 20
118: 15, 30, 45, 5, 18, 9, 20
147: 15, 30, 5, 18, 9, 20
120: 15, 30, 4, 5, 18, 9, 20
132: 47, 15, 30, 5, 18, 9, 20
143: 15, 30, 45, 5, 18, 9, 20
130: 15, 30, 45, 5, 18, 9, 20
114: 15, 30, 5, 18, 9, 20
75: 47, 15, 30, 45, 5, 18, 9, 20
102: 15, 30, 5, 18, 9, 20
81: 15, 30, 4, 5, 18, 9, 20
140: 47, 15, 30, 5, 18, 9, 20
121: 15, 30, 45, 5, 18, 9, 20
104: 47, 15, 30, 4, 5, 18, 9, 20
145: 15, 30, 5, 18, 9, 20
138: 15, 30, 4, 5, 18, 9, 20
106: 15, 30, 5, 18, 9, 20
125: 30, 4, 5, 18, 9, 20
48: 15, 30, 45, 5, 18, 20
8: 38, 47, 30, 13, 5, 4, 18, 58, 1, 44, 32, 9, 83, 59, 93, 53, 22, 10, 45, 61, 15, 68, 34, 35, 20
55: 61
173: 61
174: 61
12: 61
95: 56, 27, 25, 29
137: 56, 29, 25, 27
122: 56, 27, 29, 25
91: 56, 29, 25, 27
94: 56, 27, 29, 25
156: 56, 27, 47, 25, 15, 29, 45, 4, 18, 9, 20
155: 47, 15, 45, 4, 18, 9, 20
162: 56, 27, 25, 15, 29, 18, 9, 20
172: 18, 9, 20, 15
169: 56, 27, 25, 29
167: 56, 29, 25, 27
166: 30
115: 45, 4
148: 149, 158
164: 149, 158
159: 160
153: 45, 4
