25: 36, 16, 63, 2, 14, 24, 11, 7, 39, 82, 88, 23, 90, 84, 12, 55, 89, 79, 96, 161, 41, 151, 60, 101, 129, 109, 150, 126, 71, 139, 64, 77, 37, 19, 95, 137, 122, 91, 31, 105, 26, 72, 73, 50, 131, 119, 42, 43, 94, 156, 162, 169, 167, 135, 86, 97, 56, 29, 27, 100
36: 25, 18, 58, 68, 30, 34, 4, 44, 56, 29, 53, 35, 83, 59, 9, 32, 15, 45, 13, 93, 47, 5, 1, 10, 38, 22, 20, 27, 61
18: 23, 36, 16, 63, 2, 14, 24, 11, 7, 39, 82, 88, 6, 52, 8, 12, 55, 37, 163, 96, 134, 92, 109, 111, 116, 60, 74, 21, 128, 154, 66, 46, 99, 124, 19, 132, 143, 130, 118, 102, 81, 120, 140, 3, 121, 104, 138, 106, 125, 48, 141, 133, 114, 75, 85, 145, 117, 146, 57, 123, 40, 144, 70, 107, 49, 112, 147, 31, 50, 26, 72, 73, 33, 43, 156, 162, 155, 172, 69, 15, 9, 20, 113, 110, 4, 45, 171, 47, 157
23: 18, 68, 35, 30, 34, 32, 4, 45, 5, 56, 29, 38, 53, 83, 59, 9, 20, 15, 13, 93, 47, 1, 10, 58, 22, 27, 44, 61, 25
93: 24, 11, 7, 39, 82, 88, 23, 36, 16, 63, 2, 14, 52, 62, 84, 8, 12, 55, 98, 74, 87, 103, 80, 54, 17, 60, 65, 19, 31, 33, 43, 10, 69, 108
24: 93, 47, 1, 10, 58, 22, 27, 44, 61, 25, 18, 68, 35, 30, 34, 32, 4, 45, 5, 56, 29, 38, 53, 83, 59, 9, 20, 15, 13
4: 88, 23, 36, 16, 63, 2, 14, 82, 24, 11, 7, 39, 3, 57, 62, 8, 52, 12, 55, 60, 21, 19, 33, 43, 47, 45, 156, 155, 69, 18, 141, 20, 81, 120, 104, 40, 9, 138, 15, 125, 146, 153, 115, 157
88: 4, 45, 44, 56, 29, 34, 53, 35, 83, 59, 9, 32, 15, 13, 93, 47, 5, 1, 10, 38, 22, 20, 27, 61, 25, 18, 58, 68, 30
58: 14, 36, 24, 16, 7, 82, 11, 39, 23, 88, 63, 2, 84, 52, 8, 12, 55, 54, 60, 19, 43, 152, 69
14: 58, 22, 30, 27, 44, 61, 25, 18, 68, 35, 83, 59, 34, 9, 32, 4, 45, 5, 56, 29, 38, 53, 20, 15, 13, 93, 47, 1, 10
15: 39, 88, 23, 36, 16, 63, 2, 14, 82, 24, 11, 7, 62, 8, 52, 12, 55, 46, 99, 134, 124, 111, 37, 66, 163, 96, 92, 109, 116, 60, 74, 21, 128, 154, 19, 48, 146, 57, 85, 70, 117, 49, 112, 147, 123, 144, 107, 118, 102, 120, 104, 132, 138, 143, 141, 133, 130, 114, 75, 81, 140, 3, 121, 145, 106, 31, 26, 72, 73, 50, 33, 43, 172, 156, 162, 155, 69, 18, 20, 9, 113, 110, 171, 47, 4, 45, 157
39: 15, 45, 13, 93, 47, 5, 1, 10, 38, 22, 20, 27, 61, 25, 18, 58, 68, 30, 34, 4, 44, 56, 29, 53, 35, 83, 59, 9, 32
45: 39, 88, 23, 16, 63, 2, 14, 36, 24, 7, 82, 11, 57, 3, 62, 8, 52, 12, 55, 60, 21, 19, 33, 43, 47, 4, 156, 155, 69, 48, 18, 133, 130, 20, 118, 112, 75, 121, 123, 9, 143, 15, 153, 115, 157
5: 82, 11, 39, 23, 88, 63, 2, 14, 36, 24, 16, 7, 57, 133, 85, 70, 117, 112, 123, 40, 144, 107, 49, 118, 147, 120, 132, 143, 141, 130, 114, 75, 102, 81, 140, 3, 121, 104, 145, 138, 106, 125, 48, 146, 6, 62, 8, 52, 55, 12, 60, 78, 54, 19, 31, 43, 69, 142, 30
82: 5, 1, 29, 38, 53, 22, 20, 13, 93, 61, 47, 10, 58, 30, 27, 4, 44, 25, 18, 56, 68, 35, 83, 59, 34, 9, 32, 15, 45
13: 39, 82, 88, 23, 36, 16, 63, 2, 14, 24, 11, 7, 52, 84, 62, 8, 12, 55, 103, 80, 54, 17, 60, 65, 98, 74, 87, 19, 31, 33, 43, 10, 51, 69, 127
22: 63, 2, 14, 82, 24, 11, 7, 39, 88, 23, 36, 16, 52, 84, 8, 55, 12, 80, 54, 98, 17, 60, 87, 65, 74, 103, 19, 31, 33, 43, 10, 69
63: 22, 27, 61, 25, 18, 68, 35, 30, 34, 4, 45, 44, 5, 56, 29, 38, 53, 83, 59, 9, 32, 20, 15, 13, 93, 47, 1, 10, 58
47: 24, 11, 7, 39, 82, 88, 23, 36, 16, 63, 2, 14, 3, 57, 62, 8, 52, 12, 55, 21, 60, 19, 33, 43, 45, 4, 156, 155, 69, 133, 20, 75, 140, 104, 85, 144, 132, 9, 70, 15, 18, 157
1: 82, 24, 11, 7, 39, 88, 23, 36, 16, 63, 2, 14, 52, 84, 8, 55, 12, 17, 60, 87, 65, 74, 103, 80, 54, 98, 19, 31, 33, 43, 10, 69, 108
29: 82, 88, 23, 36, 16, 63, 2, 14, 24, 11, 7, 39, 90, 84, 12, 55, 126, 71, 139, 64, 77, 37, 89, 79, 96, 161, 41, 151, 60, 101, 129, 109, 150, 19, 137, 122, 91, 95, 31, 105, 26, 72, 73, 50, 131, 119, 42, 43, 94, 167, 156, 162, 169, 135, 86, 97, 27, 25, 56, 100
11: 93, 47, 5, 1, 10, 38, 22, 20, 27, 61, 25, 18, 58, 68, 30, 34, 4, 44, 56, 29, 53, 35, 83, 59, 9, 32, 15, 45, 13
7: 93, 47, 1, 10, 58, 22, 30, 27, 44, 61, 25, 18, 68, 35, 83, 59, 34, 32, 4, 45, 5, 56, 29, 38, 53, 9, 20, 15, 13
2: 22, 27, 61, 25, 18, 68, 35, 30, 34, 4, 45, 44, 5, 56, 29, 38, 53, 83, 59, 9, 32, 20, 15, 13, 93, 47, 1, 10, 58
61: 16, 63, 2, 14, 82, 24, 11, 7, 39, 88, 23, 36, 6, 62, 52, 8, 55, 173, 12, 174, 54, 60, 19, 170, 43, 152, 69
16: 61, 25, 18, 58, 68, 35, 30, 34, 4, 45, 44, 56, 29, 38, 53, 83, 59, 9, 32, 15, 13, 93, 47, 5, 1, 10, 22, 20, 27
38: 82, 11, 39, 23, 16, 88, 63, 2, 14, 36, 24, 7, 52, 62, 8, 12, 55, 54, 98, 17, 87, 65, 74, 80, 103, 60, 19, 31, 33, 43, 10, 69, 108
10: 24, 11, 7, 39, 82, 88, 23, 36, 16, 63, 2, 14, 84, 62, 52, 8, 12, 55, 60, 54, 19, 31, 33, 43, 83, 68, 93, 59, 22, 13, 1, 53, 44, 38, 32, 34, 69, 76
68: 23, 36, 16, 63, 2, 14, 24, 11, 7, 39, 82, 88, 52, 84, 8, 12, 55, 103, 80, 54, 17, 60, 65, 98, 74, 87, 19, 31, 33, 43, 10, 51, 69, 127
53: 82, 88, 23, 36, 16, 63, 2, 14, 24, 11, 7, 39, 52, 62, 84, 8, 55, 12, 65, 98, 74, 87, 103, 80, 54, 17, 60, 19, 31, 33, 43, 10, 67, 51, 69, 127, 136
27: 63, 2, 14, 24, 11, 7, 39, 82, 88, 23, 36, 16, 90, 84, 55, 12, 126, 71, 139, 64, 77, 37, 89, 79, 96, 161, 41, 151, 60, 101, 129, 168, 109, 150, 19, 122, 95, 137, 91, 31, 105, 26, 72, 73, 50, 28, 119, 42, 43, 94, 156, 162, 169, 167, 86, 97, 135, 29, 56, 25, 100
44: 88, 14, 36, 24, 16, 7, 63, 2, 82, 11, 39, 23, 52, 84, 8, 12, 55, 80, 54, 98, 17, 60, 87, 65, 74, 103, 19, 31, 33, 43, 67, 10, 51, 69, 127, 136
35: 23, 16, 88, 63, 2, 14, 36, 24, 7, 82, 11, 39, 62, 84, 8, 52, 12, 55, 60, 54, 19, 31, 33, 43, 69, 76
30: 14, 23, 36, 16, 7, 63, 2, 82, 24, 11, 39, 88, 141, 133, 85, 117, 146, 57, 123, 40, 144, 70, 107, 49, 118, 112, 147, 132, 143, 130, 114, 75, 102, 81, 120, 140, 3, 121, 104, 145, 138, 106, 125, 48, 6, 62, 8, 52, 55, 12, 78, 54, 60, 19, 31, 43, 166, 69, 142, 5
34: 23, 36, 88, 16, 63, 2, 14, 24, 11, 7, 39, 82, 52, 62, 8, 55, 12, 17, 60, 65, 98, 74, 87, 103, 80, 54, 19, 31, 33, 43, 10, 69
56: 88, 23, 36, 16, 63, 2, 14, 82, 24, 11, 7, 39, 90, 84, 55, 12, 126, 71, 89, 139, 64, 77, 37, 79, 96, 161, 109, 41, 151, 60, 101, 129, 150, 19, 95, 137, 122, 91, 105, 31, 72, 73, 50, 26, 28, 119, 42, 43, 94, 162, 169, 167, 156, 86, 97, 135, 25, 27, 29, 100
32: 23, 88, 14, 36, 24, 16, 7, 63, 2, 82, 11, 39, 52, 62, 84, 8, 12, 55, 54, 98, 17, 60, 87, 65, 74, 103, 80, 19, 31, 33, 43, 10, 69
20: 82, 11, 39, 23, 88, 63, 2, 14, 36, 24, 16, 7, 6, 8, 52, 12, 55, 46, 163, 96, 134, 92, 111, 37, 109, 116, 60, 128, 154, 66, 74, 99, 21, 124, 165, 19, 118, 120, 132, 138, 143, 141, 130, 114, 75, 102, 81, 140, 3, 121, 104, 145, 106, 125, 48, 146, 57, 133, 85, 70, 117, 112, 147, 40, 144, 107, 49, 31, 73, 50, 26, 72, 33, 43, 156, 162, 155, 172, 69, 15, 9, 18, 113, 110, 47, 4, 45, 171, 157
83: 88, 14, 23, 36, 16, 7, 63, 2, 82, 24, 11, 39, 52, 84, 8, 12, 55, 54, 98, 17, 60, 87, 65, 74, 103, 80, 19, 31, 33, 43, 10, 69, 108
59: 88, 14, 23, 36, 16, 7, 63, 2, 82, 24, 11, 39, 52, 84, 8, 12, 55, 54, 98, 17, 60, 87, 65, 74, 103, 80, 19, 31, 33, 43, 10, 69
9: 88, 14, 23, 36, 16, 63, 2, 82, 24, 11, 7, 39, 6, 52, 8, 55, 12, 96, 109, 116, 60, 74, 21, 128, 163, 154, 66, 46, 99, 134, 92, 124, 111, 37, 19, 144, 107, 49, 118, 147, 120, 132, 143, 141, 130, 114, 75, 102, 81, 140, 3, 121, 104, 145, 138, 106, 125, 146, 57, 85, 70, 117, 112, 40, 31, 26, 72, 73, 50, 33, 43, 155, 162, 172, 156, 69, 18, 15, 20, 113, 110, 171, 47, 4, 45, 157
57: 5, 30, 45, 47, 4, 15, 20, 9, 18
133: 5, 30, 18, 20, 15, 47, 45
141: 30, 5, 20, 9, 18, 15, 4
3: 47, 4, 5, 30, 45, 18, 20, 9, 15
85: 5, 30, 15, 18, 20, 9, 47
52: 38, 59, 44, 34, 1, 53, 22, 68, 93, 32, 13, 83, 10, 9, 61, 18, 58, 20, 5, 47, 4, 30, 45, 15, 35
70: 5, 30, 15, 20, 9, 18, 47
117: 5, 30, 15, 18, 20, 9
146: 30, 5, 15, 20, 9, 18, 4
112: 5, 30, 15, 20, 9, 18, 45
123: 5, 30, 15, 18, 45
40: 5, 30, 18, 20, 9, 4
144: 5, 30, 9, 15, 18, 20, 47
107: 5, 30, 9, 15, 18, 20
49: 5, 30, 9, 15, 18, 20
118: 5, 30, 20, 9, 18, 15, 45
147: 5, 30, 9, 15, 20, 18
120: 5, 30, 20, 9, 18, 15, 4
132: 5, 30, 18, 20, 9, 15, 47
143: 5, 30, 18, 20, 9, 15, 45
130: 5, 30, 18, 20, 9, 15, 45
114: 5, 30, 20, 9, 18, 15
75: 5, 30, 20, 9, 18, 15, 47, 45
102: 5, 30, 18, 20, 9, 15
81: 5, 30, 18, 20, 9, 15, 4
140: 5, 30, 18, 20, 9, 15, 47
121: 5, 30, 18, 20, 9, 15, 45
104: 5, 30, 18, 20, 9, 15, 47, 4
145: 5, 30, 20, 9, 18, 15
138: 5, 30, 20, 18, 9, 15, 4
106: 5, 30, 18, 20, 9, 15
125: 5, 30, 18, 20, 9, 4
48: 5, 30, 15, 18, 20, 45
84: 13, 10, 83, 59, 68, 44, 58, 56, 53, 22, 1, 27, 35, 32, 29, 25, 93
62: 4, 38, 47, 61, 30, 5, 53, 34, 35, 32, 45, 15, 93, 13, 10
6: 61, 30, 5, 9, 18, 20
90: 56, 27, 25, 29
8: 38, 20, 22, 4, 47, 5, 30, 59, 45, 68, 35, 15, 83, 44, 93, 34, 10, 9, 32, 1, 13, 18, 53, 58, 61
12: 35, 29, 25, 32, 15, 45, 93, 13, 10, 4, 18, 20, 83, 38, 68, 59, 44, 47, 61, 30, 58, 53, 5, 56, 34, 9, 22, 27, 1
55: 56, 5, 53, 9, 34, 22, 1, 27, 35, 29, 25, 15, 32, 30, 61, 45, 93, 10, 4, 13, 18, 20, 83, 38, 59, 68, 44, 47, 58
173: 61
174: 61
17: 34, 1, 83, 38, 59, 32, 44, 22, 13, 68, 93, 53
54: 83, 38, 59, 61, 32, 44, 58, 22, 13, 68, 93, 30, 53, 5, 34, 1, 35, 10
37: 18, 15, 20, 56, 27, 29, 9, 25
60: 34, 1, 35, 10, 4, 83, 59, 61, 9, 25, 32, 45, 18, 44, 58, 5, 22, 15, 13, 20, 68, 56, 27, 29, 93, 38, 47, 30, 53
46: 15, 20, 9, 18
103: 13, 68, 93, 53, 34, 1, 83, 38, 59, 32, 44, 22
98: 93, 83, 38, 59, 53, 34, 32, 44, 22, 13, 68, 1
89: 25, 56, 27, 29
96: 9, 25, 18, 20, 15, 56, 27, 29
65: 53, 34, 1, 83, 38, 59, 32, 44, 22, 13, 68, 93
79: 25, 56, 27, 29
80: 44, 22, 13, 68, 93, 38, 53, 34, 1, 83, 59, 32
163: 20, 18, 15, 9
126: 56, 27, 29, 25
74: 93, 53, 34, 1, 83, 38, 59, 9, 32, 18, 44, 22, 15, 13, 20, 68
87: 1, 93, 83, 38, 59, 53, 34, 32, 44, 22, 13, 68
99: 15, 9, 18, 20
134: 15, 18, 20, 9
71: 56, 27, 29, 25
124: 15, 9, 20, 18
161: 25, 56, 27, 29
109: 9, 18, 25, 15, 20, 56, 27, 29
92: 18, 20, 15, 9
21: 47, 4, 9, 18, 15, 45, 20
116: 9, 18, 15, 20
111: 15, 18, 20, 9
66: 15, 9, 20, 18
41: 25, 56, 27, 29
139: 56, 27, 29, 25
151: 25, 56, 27, 29
64: 56, 27, 29, 25
101: 25, 56, 27, 29
77: 56, 27, 29, 25
129: 25, 56, 27, 29
150: 25, 56, 27, 29
78: 30, 5
128: 9, 18, 20, 15
154: 9, 18, 20, 15
168: 27
165: 20
19: 44, 47, 61, 58, 30, 5, 53, 56, 34, 9, 22, 27, 35, 1, 32, 29, 25, 45, 15, 93, 13, 10, 4, 18, 20, 83, 38, 59, 68
95: 25, 56, 27, 29
137: 29, 56, 25, 27
122: 27, 29, 56, 25
91: 29, 56, 25, 27
31: 22, 27, 35, 1, 32, 29, 25, 15, 93, 10, 13, 18, 20, 83, 38, 59, 68, 44, 30, 5, 53, 56, 34, 9
105: 56, 27, 29, 25
73: 20, 56, 9, 27, 29, 25, 15, 18
26: 9, 27, 25, 29, 15, 18, 20, 56
50: 18, 20, 56, 9, 27, 29, 25, 15
72: 56, 9, 27, 29, 25, 15, 18, 20
170: 61
28: 56, 27
131: 29, 25
33: 34, 9, 22, 35, 1, 32, 45, 15, 93, 13, 10, 4, 18, 20, 38, 83, 68, 59, 44, 47, 53
119: 56, 27, 25, 29
42: 56, 27, 29, 25
43: 68, 59, 44, 47, 61, 58, 30, 5, 53, 56, 34, 9, 22, 27, 35, 1, 29, 25, 32, 45, 15, 93, 13, 10, 4, 18, 20, 38, 83
51: 68, 13, 53, 44
67: 44, 53
94: 27, 29, 56, 25
156: 25, 18, 27, 47, 4, 20, 45, 15, 29, 9, 56
155: 9, 18, 20, 47, 4, 45, 15
162: 56, 25, 18, 9, 27, 20, 15, 29
172: 15, 9, 18, 20
169: 25, 56, 27, 29
167: 29, 56, 25, 27
166: 30
69: 45, 93, 10, 4, 18, 13, 20, 83, 38, 59, 68, 47, 44, 61, 30, 58, 5, 53, 34, 9, 22, 1, 35, 32, 15
135: 29, 25, 56, 27
152: 61, 58
86: 56, 27, 29, 25
97: 56, 27, 25, 29
113: 9, 18, 20, 15
110: 9, 18, 20, 15
100: 29, 25, 27, 56
76: 10, 35
171: 9, 15, 18, 20
108: 38, 1, 83, 93
153: 4, 45
115: 4, 45
127: 13, 44, 53, 68
136: 44, 53
142: 5, 30
148: 149, 158
149: 148, 164
164: 149, 158
158: 164, 148
159: 160
160: 159
157: 4, 18, 20, 47, 45, 15, 9
