153: 2, 46
2: 153, 279, 596, 569, 507, 713, 1176, 25, 302, 32, 432, 45, 470, 542, 107, 423, 201, 7, 567, 741, 49, 264, 95, 818, 1013, 688, 360, 77, 510, 254, 241, 647, 855, 94, 89, 285, 8, 50, 120, 880, 1145, 115, 333, 765, 208, 244, 623, 99, 989, 389, 628, 830, 732, 752, 405, 1351, 132, 204, 572, 451, 877, 22, 1000, 579, 231, 394, 644, 1395, 576, 152, 239, 930, 597, 480, 538, 90, 747, 388, 652, 211, 171, 650, 725, 290, 141, 430, 213, 13, 130, 828, 69, 762, 842, 719, 526, 771, 801, 31, 440, 306, 860, 36, 75, 548, 325, 246, 446, 357, 81, 384, 198, 373, 637, 469, 3, 121, 104, 5, 273, 704, 150, 475, 416, 223, 521, 700, 252, 293, 321, 234, 429, 274, 145, 444, 779, 27, 35, 563, 281, 522, 52, 76, 313, 159, 690, 212, 280, 806, 93, 599, 170, 517, 63, 726, 532, 731, 436, 358, 255, 350, 902, 605, 958, 936, 746, 793, 229, 11, 1001, 799, 959, 501, 744, 85, 43, 824, 53, 356, 669, 276, 881, 1023, 385, 742, 874, 84, 778, 529, 1, 111, 23, 205, 184, 683, 795, 857, 611, 380, 493, 295, 428, 460, 364, 849, 79, 528, 219, 810, 708, 4, 583, 630, 1179, 16, 367, 309, 433, 365, 587, 17, 233, 624, 59, 888, 226, 370, 65, 297, 158, 126, 61, 378, 811, 224, 235, 41, 697, 555, 903, 503, 479, 602, 536, 709, 639, 895, 514, 291, 191, 1333, 199, 629, 368, 105, 139, 317, 812, 154, 1443, 142, 352
279: 2, 46
596: 2, 6
569: 2, 46
507: 2, 6
713: 2, 46
1176: 2
25: 2, 318
302: 2, 46
32: 2, 46
432: 2, 3, 12, 426, 70, 44, 1, 117, 131, 58, 53, 159, 109, 37, 108
45: 2, 46
470: 2, 14
542: 2, 14
107: 2, 3, 12, 426, 70, 44, 1, 117, 53, 159, 131, 58, 109, 37, 108
423: 2, 14
201: 2, 14
7: 2, 3, 6, 502, 44, 88, 97, 53, 159, 109, 37, 1431, 330
567: 2, 12
741: 2
49: 2, 14
264: 2, 6
95: 2, 3, 46, 44, 580, 70, 88, 330, 97, 117, 58, 159, 86, 371, 53, 131, 37, 109, 174, 169, 51, 217, 287, 127, 179
818: 2, 14
1013: 2, 6
688: 2, 14
360: 2, 46
77: 2, 12
510: 2, 14
254: 2, 46
241: 2, 3, 12, 426, 70, 44, 108, 117, 58, 53, 159, 131, 109, 37, 1
647: 2, 14
855: 2, 12
94: 2, 46
89: 2, 318
285: 2, 14
8: 2, 3, 6, 78, 764, 788, 763, 622, 689, 323, 533, 728, 985, 106, 270, 256, 341, 452, 243, 102, 258, 91, 537, 856, 441, 455, 972, 1015, 674, 776, 485, 772, 116, 994, 619, 414, 816, 1021, 511, 539, 581, 292, 554, 665, 864, 631, 395, 901, 822, 167, 238, 335, 720, 1171, 734, 663, 74, 882, 543, 682, 992, 965, 931, 165, 47, 71, 785, 667, 188, 66, 147, 245, 592, 693, 489, 477, 494, 190, 490, 910, 29, 1415, 100, 261, 745, 671, 892, 659, 268, 621, 177, 854, 820, 612, 923, 1217, 80, 476, 645, 1011, 996, 982, 488, 912, 390, 943, 161, 922, 189, 387, 978, 794, 499, 123, 472, 662, 148, 1003, 262, 743, 847, 166, 900, 299, 929, 467, 571, 729, 176, 751, 973, 363, 906, 1123, 513, 431, 687, 496, 203, 617, 867, 781, 843, 546, 164, 756, 917, 969, 312, 136, 1215, 956, 275, 315, 946, 382, 802, 282, 103, 296, 206, 354, 866, 707, 192, 540, 512, 695, 800, 124, 909, 1199, 1019, 702, 534, 684, 594, 981, 947, 706, 614, 868, 933, 9, 376, 915, 942, 656, 935, 635, 976, 715, 750, 271, 344, 556, 887, 894, 827, 1006, 797, 412, 672, 266, 1268, 422, 550, 821, 278, 474, 535, 918, 509, 565, 340, 362, 62, 1302, 782, 991, 415, 353, 932, 419, 24, 454, 861, 222, 993, 505, 346, 1018, 575, 970, 831, 711, 773, 761, 319, 483, 898, 691, 791, 850, 39, 180, 815, 835, 498, 570, 897, 872, 817, 310, 172, 425, 481, 736, 971, 783, 1191, 301, 834, 250, 859, 968, 803, 456, 990, 919, 869, 907, 767, 135, 984, 215, 10, 60, 101, 417, 248, 884, 1229, 379, 948, 891, 924, 347, 1178, 519, 1004, 927, 549, 72, 328, 758, 638, 265, 157, 1024, 484, 144, 618, 26, 960, 21, 740, 178, 718, 949, 926, 82, 156, 307, 805, 980, 508, 950, 187, 434, 951, 260, 955, 560, 64, 462, 673, 491, 768, 552, 232, 893, 403, 87, 613, 409, 359, 578, 952, 883, 1008, 396, 1002, 863, 438, 848, 813, 500, 837, 777, 839, 504, 755, 784, 437, 730, 939, 207, 54, 424, 1198, 131, 633, 1167, 493, 58, 808, 814, 331, 399, 137, 44, 210, 905, 400, 377, 408, 506, 459, 1082, 836, 497, 1014, 721, 1040, 168, 259, 696, 182, 197, 57, 636, 67, 759, 283, 878, 964, 257, 458, 1016, 999, 568, 885, 40, 228, 326, 249, 1250, 643, 1193, 149, 790, 796, 453, 1165, 668, 588, 214, 127, 287, 1500, 1486, 1473, 53, 1404, 1488, 159, 1436, 739, 342, 1256, 1181, 1428, 1454, 1294, 1200, 692, 1377, 1393, 1400, 1288, 642, 1462, 1476, 1026, 109, 37, 174, 1431, 217, 461, 699, 330, 88, 142, 179, 577
50: 2, 3, 46, 44, 580, 70, 97, 117, 287, 53, 159, 86, 131, 58, 371, 109, 37, 174, 169, 217, 51, 88, 127, 179
120: 2, 14
880: 2, 14
1145: 2
115: 2, 14
333: 2, 46
765: 2, 14
208: 2, 46, 209
244: 2, 14
623: 2, 17
99: 2, 14
989: 2, 14
389: 2, 14
628: 2, 14
830: 2, 6
732: 2, 14
752: 2, 14
405: 2, 12
1351: 2
132: 2, 3, 14, 44, 580, 70, 88, 127, 330, 117, 371, 53, 86, 159, 131, 58, 109, 37, 174, 169, 51, 217, 97, 179
204: 2, 27
572: 2, 14
451: 2, 14
877: 2
22: 2, 14
1000: 2, 14
579: 2, 46
231: 2, 14
394: 2, 14
644: 2, 6
1395: 2
576: 2, 6
152: 2, 14
239: 2, 6
930: 2
597: 2, 14
480: 2, 14
538: 2, 14
90: 2, 12
747: 2
388: 2, 46
652: 2, 46
211: 2, 14
171: 2, 14
650: 2, 14
725: 2, 14
290: 2, 14
141: 2, 14
430: 2, 318
213: 2, 14
13: 2, 14
130: 2, 14
828: 2
69: 2, 3, 12, 426, 44, 580, 70, 1, 117, 108, 371, 692, 53, 131, 159, 86, 58, 109, 37, 217, 174, 523, 169, 51, 179
762: 2, 14
842: 2, 14
719: 2, 46
526: 2, 14
771: 2, 6
801: 2, 46
31: 2, 46
440: 2, 12
306: 2, 46
860: 2, 6
36: 2, 3, 44, 386, 330, 97, 142, 88, 287, 127, 117, 1298, 1116, 1261, 1214, 1152, 1394, 701, 547, 435, 1055, 1154, 826, 1124, 1314, 421, 774, 322, 1115, 1131, 1161, 133, 675, 1106, 193, 1121, 146, 1109, 1132, 1155, 1239, 727, 574, 1427, 463, 1130, 1241, 303, 1090, 1028, 1138, 1300, 336, 1022, 717, 1388, 1259, 593, 1334, 1114, 1252, 1147, 1112, 140, 298, 473, 934, 1086, 1140, 28, 138, 492, 1108, 1360, 112, 1032, 1070, 407, 1150, 1067, 18, 595, 1337, 819, 1027, 1251, 804, 1210, 1107, 1164, 851, 1075, 1051, 1447, 337, 448, 686, 34, 118, 1049, 113, 1094, 940, 410, 1141, 1306, 1062, 1303, 1072, 1031, 1451, 1089, 457, 1043, 1233, 1048, 944, 1078, 904, 374, 308, 1044, 676, 914, 1271, 1387, 823, 30, 886, 68, 1080, 221, 551, 83, 1267, 911, 225, 1119, 938, 873, 527, 1157, 1221, 1059, 1265, 1101, 1035, 196, 1248, 921, 442, 1269, 1290, 1168, 1281, 349, 381, 110, 404, 1092, 722, 1328, 1292, 1097, 272, 1126, 591, 1085, 1042, 1034, 1084, 1320, 757, 1433, 1301, 1244, 1156, 1144, 1064, 468, 286, 879, 1263, 1397, 413, 1238, 1135, 1039, 586, 1047, 240, 714, 1046, 122, 1420, 1474, 464, 660, 1037, 447, 1389, 733, 173, 202, 559, 1270, 1202, 1330, 1111, 1318, 649, 1068, 516, 450, 531, 1378, 1071, 1364, 1153, 1129, 1185, 1287, 1065, 288, 1196, 1102, 1284, 1434, 1029, 1056, 832, 986, 1336, 1262, 1053, 143, 1045, 769, 1175, 1012, 749, 1206, 1242, 1350, 1177, 332, 1099, 1192, 1370, 853, 1374, 305, 871, 125, 670, 1083, 1283, 162, 119, 1279, 1163, 1253, 185, 1137, 1190, 1509, 561, 1127, 789, 1125, 195, 1439, 267, 1186, 1151, 1464, 1425, 1235, 1236, 73, 1208, 1243, 471, 98, 1079, 760, 1338, 1399, 1050, 1143, 53, 86, 351, 159, 109, 37, 4, 217, 1431, 186, 174, 17, 27, 169, 51, 58, 131, 179, 825, 548
75: 2, 46
548: 2, 14, 36
325: 2, 46
246: 2, 46, 209
446: 2, 12
357: 2, 14, 209
81: 2, 46
384: 2, 14
198: 2, 14
373: 2, 14
637: 2, 14
469: 2, 14
3: 2, 241, 132, 432, 52, 107, 43, 273, 27, 11, 7, 4, 84, 50, 69, 105, 85, 8, 158, 36, 17, 96, 95, 6, 216
121: 2, 14
104: 2, 14
5: 2, 6
273: 2, 3, 12, 426, 70, 44, 1, 117, 108, 131, 58, 53, 159, 109, 37
704: 2, 14
150: 2, 12
475: 2, 14
416: 2, 14
223: 2, 14
521: 2, 46
700: 2, 14
252: 2, 14
293: 2, 14
321: 2, 14
234: 2, 14
429: 2, 46
274: 2, 46
145: 2, 46
444: 2, 14
779: 2
27: 2, 3, 44, 149, 330, 127, 117, 97, 142, 186, 88, 287, 1259, 1334, 593, 1252, 1147, 140, 298, 473, 934, 1464, 1086, 1140, 1425, 138, 1449, 492, 1122, 1108, 112, 1338, 1032, 1070, 407, 530, 1067, 18, 595, 230, 1337, 819, 804, 1210, 920, 1107, 851, 1075, 1051, 1447, 337, 1214, 448, 1246, 686, 34, 118, 1314, 1066, 1094, 940, 655, 1141, 1306, 1062, 1303, 1072, 1089, 1031, 1043, 1048, 944, 1078, 1121, 904, 374, 308, 1044, 676, 1155, 1271, 1091, 574, 1387, 30, 890, 886, 68, 221, 83, 551, 1267, 225, 938, 873, 1157, 1221, 1101, 1035, 1074, 196, 1248, 442, 1269, 1290, 1281, 381, 349, 404, 1073, 1092, 722, 1480, 1328, 28, 1188, 1292, 1097, 272, 1126, 1041, 591, 518, 1085, 1042, 1424, 1034, 757, 1251, 1301, 1244, 1144, 468, 1064, 286, 879, 1263, 413, 1238, 1135, 1039, 1047, 375, 240, 586, 1455, 714, 1046, 122, 1420, 1474, 1382, 464, 1037, 113, 447, 679, 733, 202, 1202, 410, 1111, 649, 516, 450, 531, 457, 1071, 1153, 1276, 1129, 1185, 1065, 1287, 1105, 288, 1102, 823, 1284, 1054, 1056, 1080, 832, 1336, 911, 143, 1262, 1119, 1045, 1332, 1175, 1375, 1012, 749, 527, 809, 1242, 1514, 1099, 1416, 1166, 853, 1374, 305, 871, 125, 670, 1228, 1083, 134, 110, 162, 366, 119, 590, 1279, 1163, 1253, 1137, 1190, 1509, 561, 1127, 789, 1125, 195, 1084, 267, 1186, 129, 1151, 1320, 1235, 73, 1156, 807, 1243, 471, 98, 760, 1143, 1116, 1261, 1152, 701, 547, 435, 1055, 1154, 826, 1124, 421, 1060, 774, 322, 1380, 1115, 1444, 1131, 1225, 1161, 133, 1392, 1226, 675, 1106, 193, 1435, 1109, 769, 1149, 1132, 1239, 727, 1427, 463, 332, 1241, 303, 1128, 1090, 1028, 1138, 1300, 1134, 336, 1022, 351, 159, 86, 53, 109, 37, 51, 17, 204, 1431, 174, 36, 169, 1329, 58, 131, 179
35: 2, 14
563: 2, 46
281: 2, 14, 216
522: 2, 14
52: 2, 3, 46, 44, 580, 70, 142, 117, 88, 58, 53, 159, 86, 371, 131, 109, 37, 169, 51, 174, 217, 287, 127, 179
76: 2, 6
313: 2, 46
159: 2, 14, 52, 27, 4, 11, 84, 7, 8, 50, 105, 95, 36, 85, 132, 69, 273, 43, 432, 96, 107, 241, 17, 158
690: 2, 14
212: 2
280: 2, 46
806: 2, 12
93: 2, 14
599: 2, 14
170: 2, 14
517: 2, 14
63: 2, 14
726: 2, 14
532: 2, 14
731: 2, 14
436: 2, 14
358: 2, 14
255: 2, 14
350: 2, 17
902: 2, 46
605: 2, 46
958: 2, 14
936: 2, 14
746: 2, 14
793: 2, 14
229: 2, 12
11: 2, 3, 12, 426, 44, 70, 108, 117, 1, 159, 131, 58, 53, 109, 37
1001: 2, 14
799: 2, 46
959: 2, 14
501: 2, 46
744: 2, 14
85: 2, 3, 14, 44, 580, 70, 97, 88, 131, 58, 53, 739, 371, 159, 86, 109, 37, 169, 51, 217, 174, 127, 142, 330, 179
43: 2, 3, 12, 426, 70, 735, 44, 117, 1, 108, 131, 53, 159, 58, 109, 37
824: 2, 14
53: 2, 14, 36, 52, 85, 4, 7, 8, 50, 132, 69, 273, 43, 107, 241, 432, 96, 27, 11, 84, 17, 158, 105, 95
356: 2, 14
669: 2, 14
276: 2, 14
881: 2, 14
1023: 2, 6, 216
385: 2, 14
742: 2, 209
874: 2, 14
84: 2, 3, 12, 426, 44, 735, 70, 108, 117, 739, 159, 131, 58, 53, 109, 37, 1
778: 2, 14
529: 2, 14
1: 2, 12, 107, 69, 43, 273, 158, 11, 432, 105, 84, 241, 209
111: 2, 14
23: 2, 14
205: 2
184: 2, 14
683: 2, 14
795: 2, 6
857: 2, 14
611: 2, 12
380: 2, 46
493: 2, 6, 8
295: 2, 14
428: 2, 14
460: 2, 14
364: 2, 14
849: 2, 14
79: 2, 46, 209
528: 2, 14
219: 2, 46
810: 2
708: 2, 14
4: 2, 3, 44, 402, 287, 186, 1163, 1253, 185, 1137, 1509, 561, 1125, 195, 1463, 267, 1464, 1235, 1236, 73, 1243, 1079, 1098, 112, 760, 1338, 1050, 1143, 230, 819, 920, 1075, 1261, 1214, 1152, 701, 1055, 826, 1314, 421, 940, 1307, 1187, 774, 322, 1303, 1444, 1161, 1131, 1177, 133, 1106, 193, 1435, 1121, 1109, 1132, 1155, 1239, 727, 574, 463, 439, 221, 303, 1090, 1028, 381, 1138, 336, 717, 1388, 1334, 593, 1252, 1147, 140, 473, 298, 1341, 934, 1086, 1140, 138, 492, 1097, 1108, 1360, 518, 1032, 1070, 407, 1034, 530, 1067, 18, 595, 1337, 1251, 804, 1027, 1210, 1107, 851, 1144, 1051, 337, 448, 686, 34, 464, 118, 1340, 1049, 113, 410, 655, 1141, 1306, 1062, 450, 1072, 427, 457, 1043, 1153, 1233, 1048, 1396, 944, 1078, 904, 374, 1044, 308, 676, 914, 1271, 823, 1414, 30, 890, 886, 68, 1080, 551, 1267, 911, 225, 938, 873, 1375, 1247, 1089, 527, 1157, 1059, 1265, 1221, 1370, 1101, 1035, 1074, 196, 1248, 921, 442, 1168, 1281, 134, 404, 349, 110, 664, 1073, 1092, 722, 1328, 1279, 1292, 1126, 591, 1413, 1085, 1042, 1084, 1151, 1320, 1244, 1156, 1064, 468, 286, 879, 1263, 1397, 98, 413, 1238, 1135, 1039, 1047, 586, 240, 714, 1046, 122, 1382, 1037, 447, 733, 173, 202, 559, 1270, 1202, 1116, 1381, 1111, 1318, 649, 1068, 531, 435, 1154, 1071, 1364, 1373, 1276, 1124, 1129, 1449, 1185, 1065, 1105, 288, 1060, 1102, 1284, 1054, 1434, 1029, 1056, 832, 1336, 675, 143, 1262, 1053, 1045, 769, 1332, 1175, 1061, 1366, 1427, 1012, 749, 809, 1242, 1456, 332, 853, 1374, 305, 1241, 871, 125, 670, 1220, 1083, 1283, 162, 366, 1134, 1022, 1299, 119, 53, 159, 86, 739, 351, 37, 109, 36, 88, 51, 217, 38, 174, 1431, 1033, 1329, 142, 97, 58, 131, 179
583: 2, 46
630: 2, 14
1179: 2
16: 2, 14
367: 2, 46
309: 2, 6
433: 2, 14
365: 2, 14
587: 2, 14
17: 2, 3, 44, 1513, 666, 1477, 127, 330, 142, 97, 88, 287, 68, 221, 303, 1128, 1090, 1417, 1138, 336, 1157, 1388, 1259, 593, 1114, 349, 140, 298, 473, 1341, 1086, 1140, 28, 138, 1162, 492, 1097, 1108, 518, 1032, 1070, 407, 1034, 530, 18, 595, 1337, 1027, 757, 1210, 1107, 851, 1051, 337, 448, 1246, 686, 34, 464, 118, 1515, 113, 1094, 1270, 410, 655, 1306, 1062, 450, 531, 515, 1072, 1089, 457, 1043, 1233, 1153, 1048, 944, 1078, 904, 374, 1044, 308, 288, 914, 823, 1054, 30, 886, 1080, 83, 551, 1267, 225, 1119, 938, 1175, 873, 1012, 527, 1247, 1221, 1059, 1265, 1370, 1101, 1035, 196, 1248, 921, 442, 1168, 1281, 134, 404, 381, 110, 664, 1441, 1092, 722, 1299, 1328, 1279, 1188, 272, 1126, 591, 1413, 1085, 1042, 1424, 1084, 1186, 1151, 1310, 1320, 1433, 1301, 1244, 1156, 1064, 468, 471, 286, 879, 98, 413, 1397, 1238, 1135, 586, 1039, 240, 1442, 714, 1046, 122, 1420, 1037, 447, 733, 202, 559, 1437, 1116, 1330, 1381, 1111, 649, 1318, 1068, 516, 1378, 435, 1490, 1154, 1071, 1276, 1124, 1129, 1185, 748, 1105, 1196, 1102, 1284, 1434, 1029, 1056, 832, 1336, 675, 143, 1053, 1262, 1045, 769, 1332, 754, 1427, 749, 1206, 809, 1242, 1350, 1456, 332, 1057, 853, 305, 871, 1241, 125, 670, 1228, 1220, 1083, 162, 366, 1300, 1134, 1022, 590, 119, 1163, 1253, 185, 1137, 1190, 561, 1127, 1125, 1147, 195, 267, 129, 1464, 1425, 1235, 1236, 73, 1243, 1079, 1098, 112, 760, 1338, 1050, 1067, 230, 819, 1075, 1261, 1214, 1394, 701, 1209, 1055, 826, 1314, 1066, 421, 940, 1422, 1146, 1141, 774, 322, 1115, 1131, 1161, 1444, 133, 1226, 1106, 193, 1121, 1109, 1132, 676, 1155, 1239, 727, 574, 1387, 1496, 739, 351, 692, 1526, 53, 159, 86, 109, 37, 27, 169, 51, 217, 1431, 36, 623, 186, 174, 1033, 131, 58, 179, 350
233: 2, 14
624: 2, 6
59: 2, 6
888: 2
226: 2, 14
370: 2, 12
65: 2, 12
297: 2, 12
158: 2, 3, 12, 426, 44, 70, 108, 117, 1, 131, 58, 53, 159, 109, 37
126: 2, 6
61: 2, 12
378: 2, 6
811: 2, 46
224: 2, 14
235: 2, 14
41: 2, 46
697: 2, 14
555: 2
903: 2, 14
503: 2
479: 2, 6
602: 2, 14
536: 2, 46
709: 2, 14
639: 2, 14
895: 2, 12
514: 2, 14
291: 2, 46
191: 2, 14
1333: 2
199: 2, 14
629: 2, 6
368: 2, 46
105: 2, 3, 12, 426, 44, 70, 108, 117, 159, 131, 53, 58, 109, 37, 1
139: 2
317: 2, 318
812: 2, 14
154: 2, 46
1443: 2
142: 2, 46, 36, 17, 27, 52, 85, 96, 4, 8
352: 2, 14
96: 3, 402, 1223, 961, 838, 1412, 131, 1372, 58, 186, 737, 183, 237, 406, 44, 88, 97, 287, 117, 523, 1472, 53, 159, 86, 371, 739, 1376, 1460, 37, 1431, 174, 217, 142, 330, 127, 179, 541, 601, 1148
14: 630, 627, 16, 233, 285, 945, 218, 913, 989, 224, 697, 979, 709, 639, 514, 731, 199, 311, 495, 812, 786, 231, 597, 443, 480, 725, 470, 650, 542, 423, 958, 201, 49, 762, 818, 263, 688, 510, 566, 647, 766, 880, 120, 198, 115, 373, 765, 104, 244, 99, 223, 700, 389, 752, 732, 132, 252, 155, 444, 572, 451, 520, 22, 1000, 394, 845, 152, 170, 517, 538, 726, 171, 211, 141, 13, 486, 213, 255, 130, 842, 290, 526, 316, 609, 548, 357, 384, 637, 469, 121, 694, 704, 475, 324, 85, 293, 321, 234, 628, 874, 545, 35, 23, 184, 281, 522, 159, 487, 846, 348, 93, 604, 708, 599, 436, 433, 651, 532, 358, 365, 587, 936, 226, 746, 793, 903, 235, 339, 602, 967, 1001, 959, 744, 987, 191, 200, 824, 53, 669, 276, 356, 416, 881, 352, 615, 385, 778, 529, 584, 111, 640, 683, 857, 391, 428, 460, 295, 364, 849, 528, 690, 63
627: 14
46: 713, 569, 45, 652, 95, 289, 801, 246, 81, 208, 429, 274, 563, 52, 313, 280, 388, 902, 605, 719, 31, 306, 75, 325, 799, 501, 521, 145, 92, 583, 723, 811, 41, 368, 154, 142, 279, 153, 889, 32, 302, 380, 329, 557, 79, 219, 360, 254, 334, 367, 94, 50, 941, 333, 536, 291, 579
6: 3, 56, 420, 76, 644, 685, 227, 5, 42, 7, 620, 795, 908, 493, 829, 309, 59, 378, 479, 1023, 507, 264, 1013, 624, 8, 126, 830, 629, 576, 239, 596, 771, 860, 833
945: 14
163: 12
12: 163, 567, 69, 753, 440, 241, 446, 589, 150, 253, 712, 806, 90, 108, 998, 1020, 11, 43, 284, 273, 1, 1010, 974, 370, 65, 297, 229, 158, 61, 716, 895, 606, 105, 343, 465, 84, 432, 611, 107, 77, 855, 899, 405, 865, 128
56: 6
218: 14
289: 46
913: 14
420: 6
753: 12
979: 14
311: 14
495: 14
786: 14
589: 12
443: 14
253: 12
685: 6
263: 14
227: 6
712: 12
566: 14
766: 14
108: 12, 158, 11, 105, 84, 241, 69, 43, 273, 216, 432, 107
998: 12
1020: 12
42: 6, 216
620: 6
908: 6
155: 14
829: 6
520: 14
284: 12
845: 14
486: 14
92: 46
316: 14
609: 14
1010: 12
723: 46
974: 12
694: 14
324: 14
716: 12
545: 14
606: 12
487: 14
846: 14
348: 14
604: 14
343: 12
465: 12
889: 46
651: 14
329: 46
557: 46
334: 46
339: 14
967: 14
899: 12
987: 14
318: 25, 89, 430, 317
200: 14
941: 46
615: 14
584: 14
640: 14
865: 12
391: 14
128: 12
833: 6, 216
426: 105, 69, 241, 84, 432, 158, 216, 107, 273, 43, 11
216: 426, 1369, 44, 625, 3, 42, 37, 88, 108, 127, 327, 573, 314, 1348, 1182, 300, 1240, 1219, 1023, 1274, 1139, 1213, 281, 646, 1354, 1118, 1367, 525, 1260, 1326, 1036, 1485, 1189, 1237, 1465, 1257, 1100, 875, 1282, 1407, 1423, 411, 1110, 1522, 833, 1384, 1159, 1285, 1503, 598, 1342, 1484, 1386, 1470, 1308, 401, 1052, 1216, 1218, 1222, 1170, 397, 1505, 562, 600
78: 8
764: 8
788: 8
763: 8
622: 8
689: 8
323: 8
533: 8
728: 8
985: 8
106: 8
270: 8
256: 8
341: 8
452: 8
243: 8
102: 8
258: 8
91: 8
537: 8
856: 8
441: 8
455: 8
972: 8
1015: 8
674: 8
776: 8
485: 8
772: 8
116: 8
994: 8
619: 8
414: 8
816: 8
1021: 8
511: 8
539: 8
581: 8
292: 8
554: 8
665: 8
864: 8
631: 8
395: 8
901: 8
822: 8
167: 8
238: 8
335: 8
720: 8
1171: 8
734: 8
663: 8
74: 8
882: 8
543: 8
682: 8
992: 8
965: 8
931: 8
165: 8
47: 8
71: 8
785: 8
667: 8
188: 8
66: 8
147: 8
245: 8
592: 8
693: 8
489: 8
477: 8
494: 8
190: 8
490: 8
910: 8
29: 8
1415: 8
100: 8
261: 8
745: 8
671: 8
892: 8
659: 8
268: 8
621: 8
177: 8
854: 8
820: 8
612: 8
923: 8
1217: 8
80: 8
476: 8
645: 8
1011: 8
996: 8
982: 8
488: 8
912: 8
390: 8
943: 8
161: 8
922: 8
189: 8
387: 8
978: 8
794: 8
499: 8
123: 8
472: 8
662: 8
148: 8
1003: 8
262: 8
743: 8
847: 8
166: 8
900: 8
299: 8
929: 8
467: 8
571: 8
729: 8
176: 8
751: 8
973: 8
363: 8
906: 8
1123: 8
513: 8
431: 8
687: 8
496: 8
203: 8
617: 8
867: 8
781: 8
843: 8
546: 8
164: 8
756: 8
917: 8
969: 8
312: 8
136: 8
1215: 8
956: 8
275: 8
315: 8
946: 8
382: 8
802: 8
282: 8
103: 8
296: 8
206: 8
354: 8
866: 8
707: 8
192: 8
540: 8
512: 8
695: 8
800: 8
124: 8
909: 8
1199: 8
1019: 8
702: 8
534: 8
684: 8
594: 8
981: 8
947: 8
706: 8
614: 8
868: 8
933: 8
9: 8
376: 8
915: 8
942: 8
656: 8
935: 8
635: 8
976: 8
715: 8
750: 8
271: 8
344: 8
556: 8
887: 8
894: 8
827: 8
1006: 8
797: 8
412: 8
672: 8
266: 8
1268: 8
422: 8
550: 8
821: 8
278: 8
474: 8
535: 8
918: 8
509: 8
565: 8
340: 8
362: 8
62: 8
1302: 8
782: 8
991: 8
415: 8
353: 8
932: 8
419: 8
24: 8
454: 8
861: 8
222: 8
993: 8
505: 8
346: 8
1018: 8
575: 8
970: 8
831: 8
711: 8
773: 8
761: 8
319: 8
483: 8
898: 8
691: 8
791: 8
850: 8
39: 8
180: 8
815: 8
835: 8
498: 8
570: 8
897: 8
872: 8
817: 8
310: 8
172: 8
425: 8
481: 8
736: 8
971: 8
783: 8
1191: 8
301: 8
834: 8
250: 8
859: 8
968: 8
803: 8
456: 8
990: 8
919: 8
869: 8
907: 8
767: 8
135: 8
984: 8
215: 8
10: 8
60: 8
101: 8
417: 8
248: 8
884: 8
1229: 8
379: 8
948: 8
891: 8
924: 8
347: 8
1178: 8
519: 8
1004: 8
927: 8
549: 8
72: 8
328: 8
758: 8
638: 8
265: 8
157: 8
1024: 8
484: 8
144: 8
618: 8
26: 8
960: 8
21: 8
740: 8
178: 8
718: 8
949: 8
926: 8
82: 8
156: 8
307: 8
805: 8
980: 8
508: 8
950: 8
187: 8
434: 8
951: 8
260: 8
955: 8
560: 8
64: 8
462: 8
673: 8
491: 8
768: 8
552: 8
402: 96, 4
1223: 96
232: 8
893: 8
44: 27, 11, 84, 17, 50, 158, 105, 95, 36, 216, 52, 85, 4, 7, 8, 132, 69, 273, 43, 432, 107, 20, 241, 15, 96
70: 43, 107, 273, 432, 241, 11, 158, 105, 95, 52, 85, 84, 50, 132, 69
502: 7
961: 96
403: 8
87: 8
613: 8
409: 8
359: 8
578: 8
952: 8
883: 8
1008: 8
1513: 17
396: 8
1002: 8
1369: 216
863: 8
438: 8
848: 8
813: 8
500: 8
837: 8
777: 8
839: 8
838: 96
504: 8
755: 8
784: 8
437: 8
730: 8
939: 8
207: 8
54: 8
424: 8
1412: 96
1198: 8
131: 8, 96, 85, 158, 273, 43, 432, 11, 50, 69, 132, 84, 107, 105, 241, 52, 95, 27, 4, 17, 36
633: 8
1167: 8
735: 43, 84
58: 8, 96, 241, 52, 95, 85, 158, 273, 432, 11, 50, 69, 132, 84, 43, 107, 105, 27, 4, 36, 17
808: 8
814: 8
331: 8
399: 8
137: 8
580: 52, 50, 95, 85, 132, 69
1372: 96
210: 8
905: 8
400: 8
377: 8
408: 8
149: 27, 8
506: 8
666: 17
459: 8
1082: 8
836: 8
497: 8
1014: 8
721: 8
625: 216
1040: 8
168: 8
259: 8
1477: 17
696: 8
182: 8
197: 8
57: 8
636: 8
67: 8
186: 96, 27, 4, 36, 17
737: 96
759: 8
183: 96
237: 96
283: 8
878: 8
964: 8
20: 44, 20, 287, 88, 127, 330, 97, 1266, 1358, 1471, 1459, 1289, 1371, 1448, 544, 1446, 653, 1255, 1408, 896, 1327, 1518, 1201, 114, 1316, 1498, 703, 585, 1453, 1311, 1497, 524, 1429, 1254, 997, 1009, 48, 654, 1103, 1317, 175, 1402, 678, 1160, 738, 840, 1457, 1077, 1058, 1231, 1293, 1365, 1224, 1383, 1309, 626, 1088, 603, 582, 962, 564, 1506, 1069, 1331, 251, 792, 1363, 553, 1419, 482, 1492, 1349, 953, 724, 1227, 977, 1087, 181, 1504, 372, 1076, 1411, 304, 1205, 1479, 1203, 658, 1362, 1258, 1133, 1346, 1523, 957, 681, 698, 1418, 1482, 247, 1211, 151, 1421, 1524, 369, 1278, 1352, 954, 558, 294, 1483, 1304, 236, 916, 1172, 1280, 1525, 398, 1322, 1398, 55, 775, 770, 1379, 787, 392, 1469, 1319, 1173, 1478, 1245, 1315, 1359, 1452, 1520, 1491, 1347, 1277, 1184, 1409, 1343, 1007, 1390, 870, 1174, 1339, 657, 160, 1195, 1325, 338, 607, 194, 1275, 1264, 1475, 1507, 1438, 1136, 1113, 1030, 1095, 1426, 345, 995, 1234, 1494, 1450, 1158, 445, 937, 361, 1038, 466, 1495, 1345, 1517, 1272, 634, 983, 705, 1207, 1180, 1120, 1403, 1212, 33, 1194, 1286, 1527, 1521, 1357, 780, 1391, 1516, 1335, 677, 1117, 320, 1430, 975, 988, 1170, 710, 1405, 1445, 963, 1511, 1025, 1273, 1323, 610, 844, 1361, 862, 1356, 1355, 858, 1432, 1296, 1313, 1017, 1344, 1487, 242, 418, 1493, 966, 641, 1519, 1501, 1440, 1468, 1368, 1169, 632, 1324, 648, 1401, 1499, 1458, 1312, 220, 1305, 1197, 1321, 1096, 1461, 1489, 798, 1249, 277, 1502, 1204, 1353, 1142, 1512, 608, 1183, 355, 680, 616, 1291, 1467, 19, 1385, 1406, 383, 1508, 841, 661, 1232, 449, 1481, 1410, 928, 876, 1297, 1230, 1295, 1063, 852, 393, 1093, 1104, 1510, 925, 1466, 269, 1005, 1081, 174, 51, 478, 117
257: 8
458: 8
1016: 8
15: 44, 287, 15, 117
999: 8
568: 8
885: 8
40: 8
228: 8
326: 8
249: 8
406: 96
1250: 8
643: 8
1193: 8
790: 8
796: 8
453: 8
386: 36
1165: 8
668: 8
588: 8
214: 8
287: 15, 20, 4, 36, 96, 8, 50, 27, 17, 52, 95
127: 17, 27, 20, 8, 36, 132, 85, 52, 50, 216, 96, 95
330: 36, 27, 17, 95, 20, 132, 8, 85, 96, 7
97: 85, 36, 17, 27, 7, 96, 50, 95, 20, 132, 4
117: 27, 158, 43, 11, 241, 52, 107, 273, 50, 105, 69, 36, 96, 95, 132, 432, 84, 20, 15
88: 7, 96, 95, 36, 132, 20, 17, 27, 52, 85, 4, 216, 8, 50
1298: 36
1259: 27, 17, 36
1163: 4, 27, 17, 36
1116: 36, 17, 27, 4
68: 17, 27, 36, 4
1253: 4, 27, 17, 36
1334: 27, 36, 4
593: 27, 17, 36, 4
221: 17, 27, 4, 36
185: 4, 17, 36
1137: 4, 27, 17, 36
1261: 36, 4, 27, 17
1252: 27, 36, 4
1147: 27, 36, 4, 17
1214: 36, 27, 4, 17
1152: 36, 4, 27
1509: 4, 27, 36
561: 4, 27, 17, 36
1394: 36, 17
701: 36, 4, 27, 17
140: 27, 17, 36, 4
1125: 4, 27, 17, 36
303: 17, 36, 4, 27
547: 36, 27
298: 27, 17, 36, 4
473: 27, 17, 36, 4
435: 36, 17, 27, 4
1128: 17, 27
1090: 17, 36, 4, 27
1417: 17
1055: 36, 4, 27, 17
195: 4, 27, 17, 36
934: 27, 36, 4
1464: 27, 4, 17, 36
1154: 36, 17, 27, 4
1463: 4
1086: 27, 17, 36, 4
267: 4, 27, 17, 36
1140: 27, 17, 36, 4
1425: 27, 17, 36
826: 36, 4, 27, 17
138: 27, 17, 36, 4
1449: 27, 4
1124: 36, 17, 27, 4
1314: 36, 27, 4, 17
492: 27, 17, 36, 4
1122: 27
1138: 17, 36, 4, 27
1108: 27, 17, 36, 4
421: 36, 4, 27, 17
1235: 4, 27, 17, 36
336: 17, 36, 4, 27
1236: 4, 17, 36
73: 4, 27, 17, 36
1157: 17, 27, 36, 4
112: 27, 4, 36, 17
1243: 4, 27, 17, 36
774: 36, 4, 27, 17
1338: 27, 4, 17, 36
1032: 27, 17, 36, 4
322: 36, 4, 27, 17
1070: 27, 17, 36, 4
407: 27, 17, 36, 4
1079: 4, 17, 36
1115: 36, 27, 17
1098: 4, 17
530: 27, 17, 4
1067: 27, 36, 4, 17
18: 27, 17, 36, 4
760: 4, 27, 17, 36
1131: 36, 4, 27, 17
595: 27, 17, 36, 4
1388: 17, 36, 4
230: 27, 4, 17
1337: 27, 17, 36, 4
1161: 36, 4, 27, 17
819: 27, 4, 36, 17
804: 27, 36, 4
133: 36, 4, 27, 17
1050: 4, 17, 36
1210: 27, 17, 36, 4
1143: 4, 27, 36
920: 27, 4
675: 36, 17, 27, 4
1114: 17, 36
1107: 27, 17, 36, 4
1106: 36, 4, 27, 17
349: 17, 27, 36, 4
193: 36, 4, 27, 17
851: 27, 17, 36, 4
1075: 27, 4, 36, 17
1051: 27, 17, 36, 4
1121: 36, 27, 4, 17
146: 36
1447: 27, 36
1109: 36, 4, 27, 17
337: 27, 17, 36, 4
448: 27, 17, 36, 4
1132: 36, 4, 27, 17
1246: 27, 17
1341: 17, 4
1155: 36, 27, 4, 17
1239: 36, 4, 27, 17
686: 27, 17, 36, 4
727: 36, 4, 27, 17
574: 36, 27, 4, 17
1427: 36, 17, 27, 4
463: 36, 4, 27
34: 27, 17, 36, 4
28: 17, 36, 27
1162: 17
118: 27, 17, 36, 4
1097: 17, 27, 4, 36
1130: 36
1066: 27, 17
1094: 27, 17, 36
518: 17, 27, 4
940: 27, 4, 36, 17
655: 27, 17, 4
1241: 36, 17, 27, 4
1034: 17, 27, 4, 36
1141: 27, 36, 4, 17
1306: 27, 17, 36, 4
1062: 27, 17, 36, 4
1303: 27, 4, 36
1027: 17, 36, 4
757: 17, 27, 36
1028: 36, 4, 27
1307: 4
1187: 4
1072: 27, 17, 36, 4
1089: 27, 17, 36, 4
1031: 27, 36
1300: 36, 17, 27
1043: 27, 17, 36, 4
1444: 4, 27, 17
1177: 4, 36
1022: 36, 17, 27, 4
1048: 27, 17, 36, 4
944: 27, 17, 36, 4
1078: 27, 17, 36, 4
904: 27, 17, 36, 4
374: 27, 17, 36, 4
717: 36, 4
308: 27, 17, 36, 4
1044: 27, 17, 36, 4
1435: 4, 27
676: 27, 36, 4, 17
1271: 27, 36, 4
1091: 27
464: 17, 27, 4, 36
1515: 17
1387: 27, 36, 17
113: 17, 36, 27, 4
30: 27, 17, 36, 4
890: 27, 4
886: 27, 17, 36, 4
1112: 36
1270: 17, 36, 4
83: 27, 17, 36
551: 27, 17, 36, 4
1267: 27, 17, 36, 4
410: 17, 36, 27, 4
439: 4
225: 27, 17, 36, 4
938: 27, 17, 36, 4
450: 17, 27, 4, 36
531: 17, 27, 36, 4
515: 17
873: 27, 17, 36, 4
457: 17, 36, 27, 4
1233: 17, 36, 4
1360: 36, 4
1153: 17, 27, 4, 36
1221: 27, 17, 36, 4
1150: 36
381: 4, 27, 17, 36
288: 17, 27, 36, 4
1101: 27, 17, 36, 4
914: 17, 36, 4
1035: 27, 17, 36, 4
1251: 36, 27, 4
1074: 27, 4
823: 17, 36, 27, 4
1054: 17, 27, 4
196: 27, 17, 36, 4
1248: 27, 17, 36, 4
1164: 36
442: 27, 17, 36, 4
1269: 27, 36
1080: 17, 36, 27, 4
1290: 27, 36
1281: 27, 17, 36, 4
404: 27, 17, 36, 4
1073: 27, 4
1119: 17, 36, 27
1092: 27, 17, 36, 4
722: 27, 17, 36, 4
1480: 27
1328: 27, 17, 36, 4
1175: 17, 27, 36, 4
1049: 36, 4
1188: 27, 17
1012: 17, 27, 36, 4
1292: 27, 36, 4
527: 17, 36, 27, 4
272: 27, 17, 36
1126: 27, 17, 36, 4
1041: 27
591: 27, 17, 36, 4
1247: 17, 4
1059: 17, 36, 4
1265: 17, 36, 4
1085: 27, 17, 36, 4
1042: 27, 17, 36, 4
1424: 27, 17
1370: 17, 4, 36
1451: 36
921: 17, 36, 4
1301: 27, 17, 36
1244: 27, 17, 36, 4
1168: 17, 36, 4
134: 17, 27, 4
1144: 27, 4, 36
468: 27, 17, 36, 4
1064: 27, 17, 36, 4
110: 17, 36, 27, 4
286: 27, 17, 36, 4
879: 27, 17, 36, 4
664: 17, 4
1263: 27, 36, 4
413: 27, 17, 36, 4
1238: 27, 17, 36, 4
1441: 17
1135: 27, 17, 36, 4
1039: 27, 17, 36, 4
1299: 17, 4
1047: 27, 36, 4
375: 27
240: 27, 17, 36, 4
586: 27, 17, 36, 4
1455: 27
714: 27, 17, 36, 4
1046: 27, 17, 36, 4
1279: 17, 27, 4, 36
122: 27, 17, 36, 4
1420: 27, 17, 36
1474: 27, 36
1382: 27, 4
1037: 27, 17, 36, 4
447: 27, 17, 36, 4
679: 27
733: 27, 17, 36, 4
202: 27, 17, 36, 4
1413: 17, 4
1202: 27, 36, 4
1340: 4
911: 36, 27, 4
1111: 27, 17, 36, 4
1084: 17, 36, 27, 4
649: 27, 17, 36, 4
1186: 17, 27, 36
516: 27, 17, 36
1151: 17, 27, 4, 36
1310: 17
1320: 17, 36, 27, 4
1433: 17, 36
1071: 27, 17, 36, 4
1156: 17, 36, 27, 4
1276: 27, 17, 4
471: 17, 27, 36
1129: 27, 17, 36, 4
98: 17, 27, 4, 36
1397: 17, 36, 4
427: 4
1185: 27, 17, 36, 4
1065: 27, 36, 4
1287: 27, 36
1105: 27, 17, 4
1442: 17
1396: 4
1102: 27, 17, 36, 4
1284: 27, 17, 36, 4
1056: 27, 17, 36, 4
559: 17, 36, 4
832: 27, 17, 36, 4
1437: 17
1336: 27, 17, 36, 4
1330: 17, 36
1381: 17, 4
1414: 4
1318: 17, 36, 4
1068: 17, 36, 4
143: 27, 17, 36, 4
1262: 27, 17, 36, 4
1045: 27, 17, 36, 4
1378: 17, 36
1332: 27, 17, 4
1375: 27, 4
1490: 17
749: 27, 17, 36, 4
809: 27, 17, 4
1242: 27, 17, 36, 4
748: 17
1514: 27
1099: 27, 36
1416: 27
1166: 27
853: 27, 17, 36, 4
1374: 27, 36, 4
305: 27, 17, 36, 4
1196: 17, 36
871: 27, 17, 36, 4
125: 27, 17, 36, 4
1434: 17, 36, 4
1029: 17, 36, 4
670: 27, 17, 36, 4
1228: 27, 17
1083: 27, 17, 36, 4
162: 27, 17, 36, 4
366: 27, 17, 4
1053: 17, 36, 4
119: 27, 17, 36, 4
590: 27, 17
769: 17, 36, 27, 4
660: 36
754: 17
1389: 36
173: 36, 4
1206: 17, 36
1190: 27, 17, 36
1350: 17, 36
1127: 27, 17, 36
1456: 17, 4
789: 27, 36
332: 17, 36, 27, 4
1057: 17
129: 27, 17
1364: 36, 4
1220: 17, 4
807: 27
1134: 17, 27, 4
986: 36
1192: 36
1373: 4
1060: 27, 4
1380: 27
1225: 27
1283: 36, 4
1392: 27
1226: 27, 17
1209: 17
1149: 27
1061: 4
1366: 4
1439: 36
1422: 17
1146: 17
1208: 36
1399: 36
1266: 20
1358: 20
1471: 20
1459: 20
1289: 20
1371: 20
1448: 20
544: 20
1446: 20
653: 20
1255: 20
1496: 17
1408: 20
896: 20
1327: 20
1518: 20
1201: 20
114: 20
1316: 20
1498: 20
703: 20
585: 20
1453: 20
739: 84, 17, 85, 4, 8, 96
371: 69, 132, 52, 95, 85, 50, 96
1311: 20
1500: 8
1497: 20
524: 20
1429: 20
1254: 20
997: 20
1009: 20
351: 27, 17, 36, 4
48: 20
654: 20
1103: 20
86: 36, 52, 27, 4, 50, 132, 95, 85, 69, 96, 17
1317: 20
692: 69, 17, 8
175: 20
1486: 8
1402: 20
678: 20
1160: 20
738: 20
840: 20
1457: 20
1077: 20
1058: 20
1231: 20
1293: 20
1365: 20
1224: 20
1383: 20
1309: 20
626: 20
1088: 20
1473: 8
603: 20
582: 20
962: 20
564: 20
1506: 20
1069: 20
1331: 20
251: 20
792: 20
1363: 20
1404: 8
553: 20
1419: 20
482: 20
1492: 20
1349: 20
953: 20
724: 20
1227: 20
977: 20
1087: 20
181: 20
1504: 20
523: 96, 69
372: 20
1076: 20
1472: 96
1411: 20
1488: 8
304: 20
1205: 20
1479: 20
1203: 20
658: 20
1362: 20
1258: 20
1133: 20
1346: 20
1523: 20
957: 20
681: 20
698: 20
1418: 20
1482: 20
247: 20
1211: 20
151: 20
1421: 20
1524: 20
1436: 8
369: 20
1278: 20
1352: 20
954: 20
558: 20
294: 20
1483: 20
1304: 20
236: 20
916: 20
1172: 20
1280: 20
1525: 20
398: 20
1322: 20
1398: 20
55: 20
775: 20
770: 20
1379: 20
787: 20
392: 20
1469: 20
1319: 20
1173: 20
1478: 20
1245: 20
1315: 20
1359: 20
1452: 20
1520: 20
1491: 20
1347: 20
342: 8
1277: 20
1184: 20
1409: 20
1256: 8
1343: 20
1007: 20
1390: 20
870: 20
1526: 17
1174: 20
1339: 20
657: 20
160: 20
1195: 20
1325: 20
338: 20
607: 20
194: 20
1181: 8
1275: 20
1264: 20
1475: 20
1507: 20
1438: 20
1136: 20
1113: 20
1428: 8
1030: 20
1095: 20
1426: 20
345: 20
995: 20
1234: 20
1494: 20
1450: 20
1158: 20
445: 20
937: 20
361: 20
1038: 20
466: 20
1495: 20
1345: 20
1517: 20
1272: 20
1454: 8
634: 20
983: 20
705: 20
1207: 20
1180: 20
1120: 20
1403: 20
1212: 20
33: 20
1194: 20
1286: 20
1527: 20
1521: 20
1357: 20
780: 20
1391: 20
1516: 20
1294: 8
1335: 20
677: 20
1117: 20
320: 20
1200: 8
1430: 20
975: 20
988: 20
1170: 20, 216
710: 20
1405: 20
1445: 20
963: 20
1511: 20
1025: 20
1273: 20
1323: 20
610: 20
844: 20
1361: 20
862: 20
1356: 20
1355: 20
858: 20
1432: 20
1296: 20
1313: 20
1017: 20
1344: 20
1487: 20
242: 20
418: 20
1493: 20
966: 20
641: 20
1519: 20
1501: 20
1440: 20
1468: 20
1368: 20
1169: 20
632: 20
1324: 20
648: 20
1401: 20
1499: 20
1458: 20
1312: 20
220: 20
1305: 20
1377: 8
1197: 20
1321: 20
1096: 20
1461: 20
1489: 20
798: 20
1249: 20
1393: 8
277: 20
1502: 20
1204: 20
1353: 20
1142: 20
1512: 20
608: 20
1183: 20
355: 20
680: 20
616: 20
1291: 20
1467: 20
19: 20
1385: 20
1400: 8
1406: 20
383: 20
1508: 20
841: 20
661: 20
1232: 20
449: 20
1288: 8
1481: 20
1410: 20
928: 20
642: 8
876: 20
1462: 8
1297: 20
1230: 20
1476: 8
1295: 20
1376: 96
1063: 20
852: 20
393: 20
1093: 20
1104: 20
1510: 20
1460: 96
925: 20
1026: 8
1466: 20
269: 20
1005: 20
1081: 20
37: 96, 95, 4, 69, 17, 241, 36, 8, 158, 50, 11, 216, 85, 43, 273, 132, 105, 27, 84, 52, 432, 107, 7
109: 69, 17, 241, 36, 8, 158, 50, 11, 273, 132, 85, 43, 105, 84, 27, 52, 432, 107, 7, 4, 95
217: 69, 36, 85, 4, 17, 50, 96, 95, 8, 132, 52
169: 52, 85, 17, 50, 95, 132, 69, 36, 27
51: 27, 52, 85, 4, 17, 95, 20, 50, 132, 69, 36
1431: 96, 36, 27, 17, 7, 8, 4
174: 96, 8, 50, 132, 69, 95, 20, 36, 27, 52, 85, 4, 17
38: 4
461: 8
699: 8
1033: 4, 17
209: 246, 79, 357, 208, 1, 742
1329: 27, 4
327: 216
573: 216
314: 216
179: 36, 96, 8, 95, 85, 4, 50, 69, 132, 52, 17, 27
1348: 216
1182: 216
300: 216
1240: 216
1219: 216
1274: 216
1139: 216
1213: 216
646: 216
1354: 216
1118: 216
1367: 216
525: 216
1260: 216
1326: 216
1036: 216
1485: 216
1189: 216
1237: 216
1465: 216
1257: 216
1100: 216
875: 216
1282: 216
1407: 216
1423: 216
411: 216
1110: 216
1522: 216
1384: 216
1159: 216
1285: 216
1503: 216
598: 216
1342: 216
1484: 216
1386: 216
1470: 216
1308: 216
401: 216
1052: 216
1216: 216
1218: 216
1222: 216
397: 216
1505: 216
478: 20
541: 96
562: 216
577: 8
600: 216
601: 96
825: 36
1148: 96
