153: 2, 46
279: 2, 46
596: 2, 6
569: 2, 46
507: 2, 6
713: 2, 46
1176: 2
25: 318, 2
302: 2, 46
32: 2, 46
432: 70, 2, 53, 108, 159, 12, 109, 3, 1, 37, 44
45: 2, 46
470: 14, 2
542: 14, 2
107: 70, 2, 53, 108, 159, 12, 109, 3, 1, 37, 44
423: 14, 2
201: 14, 2
7: 502, 2, 53, 3, 6, 330, 88, 109, 159, 97, 37, 44
567: 2, 12
741: 2
49: 14, 2
264: 2, 6
95: 88, 174, 44, 2, 179, 159, 217, 109, 3, 70, 287, 53, 330, 580, 127, 97, 37, 86, 51, 46, 169
818: 14, 2
1013: 2, 6
688: 14, 2
360: 2, 46
77: 2, 12
510: 14, 2
254: 2, 46
241: 70, 2, 53, 108, 159, 12, 109, 3, 1, 37, 44
647: 14, 2
855: 2, 12
94: 2, 46
89: 318, 2
285: 14, 2
8: 453, 856, 1167, 711, 399, 1500, 817, 490, 166, 929, 270, 331, 504, 315, 206, 156, 176, 67, 483, 884, 570, 692, 946, 764, 693, 740, 560, 999, 836, 878, 952, 431, 377, 497, 800, 24, 387, 135, 543, 21, 671, 756, 456, 935, 539, 926, 901, 3, 699, 797, 228, 412, 127, 1302, 867, 969, 948, 783, 614, 425, 192, 266, 951, 947, 816, 907, 362, 796, 260, 282, 949, 612, 568, 892, 6, 976, 72, 619, 142, 172, 330, 243, 970, 535, 249, 772, 124, 1436, 80, 861, 340, 978, 848, 159, 729, 60, 101, 1003, 414, 137, 721, 965, 62, 496, 617, 2, 728, 499, 400, 633, 554, 123, 822, 1198, 1006, 777, 437, 909, 919, 973, 971, 250, 344, 1026, 776, 1191, 342, 933, 512, 519, 859, 299, 887, 268, 900, 1199, 1217, 588, 262, 866, 667, 222, 396, 238, 312, 1400, 78, 1171, 438, 1181, 1377, 258, 906, 148, 39, 359, 379, 180, 1024, 500, 972, 265, 259, 868, 210, 441, 827, 462, 136, 454, 1008, 1040, 758, 1486, 275, 310, 257, 706, 695, 656, 335, 57, 189, 187, 734, 47, 261, 556, 835, 745, 984, 672, 161, 459, 179, 751, 147, 682, 203, 837, 296, 571, 116, 271, 29, 207, 494, 872, 190, 66, 894, 943, 1454, 82, 1178, 307, 1018, 689, 1488, 736, 552, 767, 993, 328, 1165, 869, 458, 702, 924, 784, 44, 1288, 808, 550, 577, 9, 631, 802, 455, 319, 256, 37, 850, 665, 1462, 248, 1294, 511, 761, 1004, 174, 882, 87, 1016, 739, 74, 537, 643, 659, 622, 472, 1476, 481, 382, 1021, 1011, 1123, 498, 715, 743, 26, 354, 71, 785, 885, 408, 985, 932, 1200, 820, 864, 834, 1082, 474, 278, 540, 618, 821, 283, 434, 854, 1215, 815, 1393, 88, 982, 843, 417, 376, 905, 182, 621, 40, 839, 956, 950, 922, 157, 217, 575, 287, 813, 581, 720, 54, 960, 353, 1019, 1250, 992, 461, 103, 883, 750, 891, 863, 346, 991, 662, 549, 691, 893, 642, 763, 1268, 912, 1015, 773, 964, 980, 109, 915, 144, 939, 768, 1229, 594, 409, 64, 696, 546, 164, 178, 814, 635, 149, 981, 485, 484, 506, 687, 347, 424, 645, 491, 301, 53, 10, 467, 390, 395, 996, 509, 730, 168, 897, 803, 477, 923, 489, 1415, 1193, 565, 292, 994, 638, 1002, 673, 927, 326, 232, 718, 684, 533, 245, 592, 167, 100, 759, 452, 476, 990, 214, 674, 931, 197, 790, 918, 1014, 513, 663, 1473, 782, 363, 534, 419, 165, 707, 1404, 636, 415, 942, 188, 910, 755, 1256, 898, 215, 831, 917, 805, 422, 578, 341, 106, 403, 323, 1428, 668, 847, 102, 177, 505, 613, 781, 794, 508, 488, 788, 791, 955, 968, 91
50: 88, 174, 44, 2, 179, 159, 217, 109, 3, 70, 287, 53, 580, 127, 97, 37, 86, 51, 46, 169
120: 14, 2
880: 14, 2
1145: 2
115: 14, 2
333: 2, 46
765: 14, 2
208: 2, 209, 46
244: 14, 2
623: 2, 17
99: 14, 2
989: 14, 2
389: 14, 2
628: 14, 2
830: 2, 6
732: 14, 2
752: 14, 2
405: 2, 12
1351: 2
132: 88, 174, 44, 2, 179, 159, 217, 109, 3, 14, 70, 53, 330, 580, 127, 97, 37, 86, 51, 169
204: 27, 2
572: 14, 2
451: 14, 2
877: 2
22: 14, 2
1000: 14, 2
579: 2, 46
231: 14, 2
394: 14, 2
644: 2, 6
1395: 2
576: 2, 6
152: 14, 2
239: 2, 6
930: 2
597: 14, 2
480: 14, 2
538: 14, 2
90: 2, 12
747: 2
388: 2, 46
652: 2, 46
211: 14, 2
171: 14, 2
650: 14, 2
725: 14, 2
290: 14, 2
141: 14, 2
430: 318, 2
213: 14, 2
13: 14, 2
130: 14, 2
828: 2
69: 174, 1, 44, 2, 179, 108, 159, 12, 217, 692, 109, 3, 70, 53, 580, 37, 86, 51, 523, 169
762: 14, 2
842: 14, 2
719: 2, 46
526: 14, 2
771: 2, 6
801: 2, 46
31: 2, 46
440: 2, 12
306: 2, 46
860: 2, 6
36: 1337, 1214, 1131, 30, 1374, 1047, 28, 851, 904, 1043, 1283, 1031, 44, 727, 749, 2, 1109, 1051, 1389, 1079, 1269, 17, 595, 1062, 1059, 1039, 193, 531, 1012, 159, 1364, 1083, 109, 1161, 1243, 1261, 1447, 1156, 1135, 1089, 450, 1101, 760, 1263, 1425, 1116, 1107, 1474, 308, 1055, 1298, 774, 435, 686, 1221, 1068, 1336, 37, 1202, 337, 410, 1387, 1144, 298, 823, 1433, 1042, 1244, 1119, 122, 660, 1196, 986, 649, 1279, 1125, 1284, 186, 473, 1164, 118, 1126, 173, 1239, 1075, 1300, 221, 1084, 174, 1301, 1044, 1318, 1037, 18, 1064, 574, 769, 125, 1281, 1050, 1427, 934, 527, 1270, 1127, 1292, 1334, 819, 1027, 1141, 1112, 463, 1138, 1147, 1132, 336, 1265, 286, 1129, 1338, 332, 1130, 1420, 1102, 98, 53, 1287, 305, 202, 547, 119, 561, 551, 386, 421, 272, 1262, 196, 381, 448, 1108, 1035, 1303, 1208, 267, 1092, 1238, 1378, 1242, 1078, 1151, 1163, 676, 195, 722, 1267, 1186, 1397, 1152, 225, 714, 1434, 1248, 1175, 1153, 1099, 413, 1137, 1235, 733, 349, 407, 1320, 1464, 1097, 447, 1115, 1314, 944, 1360, 110, 1251, 1065, 1236, 701, 442, 464, 133, 1094, 832, 3, 1085, 185, 1388, 1253, 1022, 1150, 757, 559, 1233, 1049, 1271, 492, 1252, 873, 468, 240, 1177, 1190, 73, 1070, 804, 593, 1067, 1290, 143, 1124, 1056, 1086, 940, 68, 1106, 34, 853, 1034, 871, 169, 879, 825, 1143, 1114, 351, 670, 1157, 113, 586, 1168, 516, 1394, 1045, 138, 1210, 162, 4, 826, 140, 1111, 591, 471, 179, 911, 1259, 1072, 322, 789, 1029, 1399, 1032, 1509, 217, 914, 1330, 288, 1046, 886, 1154, 146, 1155, 1140, 83, 1328, 1370, 1048, 287, 921, 717, 457, 404, 142, 112, 330, 1185, 1241, 1071, 1053, 97, 1080, 1451, 1121, 27, 548, 1350, 675, 938, 1028, 1306, 86, 51, 1090, 1192, 1439, 303, 1206, 374
75: 2, 46
548: 14, 2
325: 2, 46
246: 2, 209, 46
446: 2, 12
357: 14, 2, 209
81: 2, 46
384: 14, 2
198: 14, 2
373: 14, 2
637: 14, 2
469: 14, 2
3: 273, 43, 7, 216, 11, 4, 432, 95, 69, 107, 2, 132, 84, 17, 8, 6, 36, 50, 52, 96, 105, 241, 27, 158, 85
121: 14, 2
104: 14, 2
5: 2, 6
273: 70, 2, 53, 108, 159, 12, 109, 3, 1, 37, 44
704: 14, 2
150: 2, 12
475: 14, 2
416: 14, 2
223: 14, 2
521: 2, 46
700: 14, 2
252: 14, 2
293: 14, 2
321: 14, 2
234: 14, 2
429: 2, 46
274: 2, 46
145: 2, 46
444: 14, 2
779: 2
27: 1337, 1214, 1131, 30, 1374, 1047, 28, 851, 904, 1043, 1091, 1128, 1031, 44, 727, 749, 2, 1416, 1051, 1276, 1109, 518, 1269, 595, 1062, 1039, 193, 531, 1012, 109, 1083, 1382, 1161, 1243, 1447, 1261, 1135, 129, 1089, 1156, 450, 1101, 760, 1263, 1116, 1107, 1474, 308, 1055, 686, 1336, 1221, 435, 774, 37, 1066, 1202, 337, 1387, 1144, 410, 298, 122, 1425, 1042, 1424, 1244, 823, 1119, 1279, 649, 1125, 1284, 473, 366, 118, 1122, 1126, 1084, 1075, 221, 149, 1239, 1300, 1301, 1044, 174, 1037, 18, 1064, 574, 125, 769, 1281, 1427, 1225, 934, 527, 1127, 1329, 1292, 1334, 819, 1141, 286, 159, 463, 1147, 1138, 1132, 336, 1338, 230, 1129, 332, 1102, 1420, 98, 53, 1514, 1287, 305, 1332, 202, 119, 561, 547, 551, 272, 1262, 807, 421, 1392, 196, 381, 448, 1108, 1035, 1303, 530, 267, 1444, 1092, 1073, 1238, 1242, 1078, 1163, 676, 195, 722, 1267, 590, 1186, 186, 225, 714, 1175, 1228, 1248, 1099, 1153, 1137, 413, 1235, 1041, 733, 349, 407, 1320, 1464, 1097, 375, 944, 1314, 447, 1115, 110, 1251, 1065, 442, 701, 464, 133, 1094, 832, 1149, 3, 1085, 1435, 1166, 1253, 1022, 757, 1449, 1190, 1271, 492, 1252, 873, 468, 240, 1105, 1188, 73, 655, 1070, 804, 593, 1067, 1290, 143, 1226, 127, 1124, 1056, 1086, 940, 68, 853, 34, 1106, 1034, 809, 871, 1380, 879, 169, 1246, 1143, 351, 670, 1157, 1054, 890, 113, 586, 516, 88, 1045, 138, 1210, 1480, 162, 1152, 140, 1111, 826, 591, 471, 179, 911, 1259, 1072, 789, 322, 1032, 1509, 1074, 1455, 288, 1046, 886, 1140, 83, 1155, 1375, 134, 1328, 1154, 1048, 679, 287, 457, 404, 112, 330, 1185, 1060, 1241, 1071, 97, 1080, 1134, 1121, 920, 675, 938, 1306, 1028, 86, 51, 1090, 303, 1151, 374
35: 14, 2
563: 2, 46
281: 14, 216, 2
522: 14, 2
52: 88, 174, 44, 2, 179, 159, 217, 109, 3, 70, 287, 53, 142, 580, 127, 37, 86, 51, 46, 169
76: 2, 6
313: 2, 46
159: 14, 2
690: 14, 2
212: 2
280: 2, 46
806: 2, 12
93: 14, 2
599: 14, 2
170: 14, 2
517: 14, 2
63: 14, 2
726: 14, 2
532: 14, 2
731: 14, 2
436: 14, 2
358: 14, 2
255: 14, 2
350: 2, 17
902: 2, 46
605: 2, 46
958: 14, 2
936: 14, 2
746: 14, 2
793: 14, 2
229: 2, 12
11: 70, 2, 53, 108, 159, 12, 109, 3, 1, 37, 44
1001: 14, 2
799: 2, 46
959: 14, 2
501: 2, 46
744: 14, 2
85: 88, 174, 44, 2, 179, 159, 217, 109, 3, 14, 70, 53, 739, 142, 330, 580, 127, 97, 37, 86, 51, 169
43: 70, 2, 53, 108, 735, 12, 159, 109, 3, 1, 37, 44
824: 14, 2
53: 14, 2
356: 14, 2
669: 14, 2
276: 14, 2
881: 14, 2
1023: 216, 2, 6
385: 14, 2
742: 2, 209
874: 14, 2
84: 70, 2, 53, 108, 739, 735, 12, 159, 109, 3, 1, 37, 44
778: 14, 2
529: 14, 2
1: 2, 12
111: 14, 2
23: 14, 2
205: 2
184: 14, 2
683: 14, 2
795: 2, 6
857: 14, 2
611: 2, 12
380: 2, 46
493: 8, 2, 6
295: 14, 2
428: 14, 2
460: 14, 2
364: 14, 2
849: 14, 2
79: 2, 209, 46
528: 14, 2
219: 2, 46
810: 2
708: 14, 2
4: 1337, 1214, 1131, 30, 1374, 1047, 851, 1413, 904, 1043, 1283, 44, 727, 749, 2, 1109, 1051, 1276, 1079, 518, 1307, 595, 1062, 1059, 1039, 193, 1187, 531, 1012, 1364, 1083, 159, 109, 1382, 1161, 1243, 1261, 1154, 1156, 1135, 1089, 450, 1101, 760, 1340, 1263, 1116, 1107, 308, 1055, 774, 686, 1221, 1068, 435, 1336, 37, 1202, 1061, 337, 1144, 410, 298, 823, 1244, 1042, 122, 1125, 1279, 649, 38, 1284, 473, 366, 118, 1126, 173, 1239, 1075, 221, 1396, 1084, 174, 1044, 1318, 1037, 1050, 18, 574, 1064, 769, 1281, 125, 1427, 934, 527, 1463, 1270, 1292, 1329, 1334, 819, 1027, 1141, 1414, 463, 1138, 1147, 1132, 336, 1265, 286, 1338, 230, 1129, 332, 1102, 98, 53, 739, 305, 1332, 202, 561, 119, 551, 421, 1262, 196, 439, 381, 448, 1108, 1035, 1303, 530, 267, 1444, 1092, 1073, 1238, 1242, 1434, 1078, 1151, 1163, 195, 676, 722, 1267, 1299, 1449, 186, 1152, 225, 1397, 714, 1137, 1235, 1153, 1248, 413, 402, 1175, 733, 349, 407, 1320, 1464, 1097, 447, 944, 1314, 1360, 1456, 110, 1251, 1236, 1065, 1033, 701, 442, 464, 133, 832, 3, 185, 1085, 1388, 1253, 1022, 559, 1233, 1049, 1271, 492, 1252, 873, 1177, 1341, 468, 240, 1105, 73, 655, 1098, 1070, 593, 1067, 804, 664, 143, 1124, 1056, 1086, 940, 68, 1106, 34, 853, 1034, 809, 871, 879, 1143, 1220, 351, 670, 1157, 1054, 113, 890, 586, 1168, 88, 1045, 138, 1210, 162, 826, 140, 1111, 591, 427, 179, 911, 1072, 322, 1029, 1032, 1373, 1509, 1074, 914, 217, 1247, 1046, 886, 1140, 1375, 1155, 1370, 134, 1328, 1381, 287, 1048, 921, 717, 457, 404, 112, 142, 1185, 1060, 1241, 1071, 1053, 97, 1080, 1134, 1121, 920, 675, 938, 1028, 1306, 1366, 86, 1090, 51, 288, 303, 1435, 374
583: 2, 46
630: 14, 2
1179: 2
16: 14, 2
367: 2, 46
309: 2, 6
433: 14, 2
365: 14, 2
587: 14, 2
17: 1337, 1214, 1131, 30, 28, 851, 1413, 904, 1043, 1128, 44, 727, 749, 2, 1051, 1276, 1109, 518, 1079, 595, 1062, 1059, 1039, 193, 1422, 531, 1012, 159, 1083, 109, 1161, 1442, 1243, 1261, 1156, 1135, 1089, 129, 450, 1101, 760, 1425, 1116, 1107, 308, 1068, 686, 1336, 1221, 435, 1055, 774, 37, 1066, 337, 410, 1209, 1387, 298, 823, 1424, 1042, 1433, 1119, 1244, 122, 1196, 1279, 649, 1125, 1284, 186, 473, 366, 118, 1126, 676, 1084, 221, 1300, 1075, 1239, 174, 1301, 1044, 1318, 1037, 18, 1064, 769, 125, 1050, 1281, 574, 1427, 527, 1270, 1127, 1027, 1265, 286, 1490, 1138, 1057, 1147, 336, 819, 1141, 1132, 692, 1129, 1338, 230, 332, 1102, 1420, 98, 53, 739, 305, 1332, 202, 119, 561, 1146, 551, 272, 1262, 421, 196, 381, 448, 1108, 1035, 530, 754, 267, 1444, 1092, 1238, 1378, 1242, 1078, 1299, 1186, 1163, 722, 1267, 1206, 590, 195, 1397, 1513, 225, 1175, 714, 1248, 1434, 1153, 1228, 413, 1137, 1235, 733, 349, 407, 1320, 1526, 1477, 1464, 1097, 447, 944, 1314, 1115, 1456, 110, 1033, 1515, 1236, 442, 701, 464, 133, 1094, 832, 3, 1085, 185, 1388, 1253, 1022, 757, 559, 1233, 1190, 492, 873, 1341, 468, 240, 1105, 1496, 1188, 73, 655, 1070, 143, 593, 664, 1098, 1067, 1226, 1417, 1162, 1124, 1056, 1086, 515, 68, 853, 940, 34, 1106, 1034, 809, 871, 169, 879, 1437, 1246, 1114, 1220, 351, 670, 1157, 1054, 113, 586, 1168, 516, 1394, 1045, 88, 138, 1210, 162, 140, 1111, 826, 591, 471, 179, 1259, 1072, 322, 1029, 1032, 217, 914, 1441, 1310, 1330, 288, 1247, 886, 1140, 83, 134, 1370, 1046, 1328, 1381, 1048, 1154, 921, 1155, 457, 666, 287, 404, 112, 330, 1185, 1241, 1071, 1053, 748, 97, 1080, 1134, 1121, 27, 1350, 675, 938, 1306, 86, 51, 1090, 303, 1151, 374
233: 14, 2
624: 2, 6
59: 2, 6
888: 2
226: 14, 2
370: 2, 12
65: 2, 12
297: 2, 12
158: 70, 2, 53, 108, 159, 12, 109, 3, 1, 37, 44
126: 2, 6
61: 2, 12
378: 2, 6
811: 2, 46
224: 14, 2
235: 14, 2
41: 2, 46
697: 14, 2
555: 2
903: 14, 2
503: 2
479: 2, 6
602: 14, 2
536: 2, 46
709: 14, 2
639: 14, 2
895: 2, 12
514: 14, 2
291: 2, 46
191: 14, 2
1333: 2
199: 14, 2
629: 2, 6
368: 2, 46
105: 70, 2, 53, 108, 159, 12, 109, 3, 1, 37, 44
139: 2
317: 318, 2
812: 14, 2
154: 2, 46
1443: 2
142: 27, 2, 17, 36, 46
352: 14, 2
627: 14
945: 14
163: 12
56: 6
218: 14
289: 46
913: 14
420: 6
753: 12
979: 14
311: 14
495: 14
786: 14
589: 12
443: 14
253: 12
685: 6
263: 14
227: 6
712: 12
566: 14
766: 14
108: 12, 105
998: 12
1020: 12
42: 6
6: 7
620: 6
908: 6
155: 14
829: 6
520: 14
284: 12
845: 14
486: 14
92: 46
316: 14
609: 14
1010: 12
723: 46
974: 12
694: 14
324: 14
14: 85
716: 12
545: 14
606: 12
487: 14
846: 14
348: 14
604: 14
343: 12
465: 12
889: 46
651: 14
329: 46
557: 46
334: 46
339: 14
967: 14
899: 12
987: 14
200: 14
941: 46
615: 14
584: 14
640: 14
865: 12
391: 14
128: 12
833: 216, 6
426: 241, 273, 158, 84, 43, 216, 11, 432, 69, 107, 105
96: 402, 88, 174, 1372, 44, 1412, 1223, 179, 217, 541, 406, 838, 3, 287, 53, 739, 183, 142, 330, 1460, 127, 97, 1376, 1148, 237, 37, 86, 1472, 737, 159, 961, 601
216: 327, 573, 108, 127, 625, 1505, 562, 88, 42, 600, 1369, 314, 3, 37, 44
131: 273, 43, 11, 4, 95, 432, 69, 107, 132, 84, 17, 8, 36, 96, 52, 50, 105, 241, 27, 158, 85
58: 273, 43, 11, 4, 432, 95, 69, 107, 132, 84, 17, 8, 36, 96, 52, 50, 105, 241, 27, 158, 85
186: 96
20: 287, 51, 478, 330, 88, 174, 127, 97, 20, 44
15: 287, 15, 44
127: 27, 17, 36
330: 27, 17, 36
117: 273, 43, 11, 432, 95, 69, 107, 132, 84, 36, 96, 50, 52, 105, 27, 241, 15, 158, 20
97: 27, 17, 36
88: 27, 85, 17, 36
287: 27, 17, 36
1266: 20
1358: 20
1471: 20
1459: 20
1289: 20
1371: 20
1448: 20
544: 20
1446: 20
653: 20
1255: 20
1408: 20
896: 20
1327: 20
1518: 20
1201: 20
114: 20
1316: 20
1498: 20
703: 20
585: 20
1453: 20
371: 132, 85, 95, 69, 50, 52, 96
1311: 20
1497: 20
524: 20
1429: 20
1254: 20
997: 20
1009: 20
48: 20
654: 20
1103: 20
1317: 20
175: 20
1402: 20
678: 20
1160: 20
738: 20
840: 20
1457: 20
1077: 20
1058: 20
1231: 20
1293: 20
1365: 20
1224: 20
1383: 20
1309: 20
626: 20
1088: 20
603: 20
582: 20
962: 20
564: 20
1506: 20
1069: 20
1331: 20
251: 20
792: 20
1363: 20
553: 20
1419: 20
482: 20
1492: 20
1349: 20
953: 20
724: 20
1227: 20
977: 20
1087: 20
181: 20
1504: 20
523: 96
372: 20
1076: 20
1411: 20
304: 20
1205: 20
1479: 20
1203: 20
658: 20
1362: 20
1258: 20
1133: 20
1346: 20
1523: 20
957: 20
681: 20
698: 20
1418: 20
1482: 20
247: 20
1211: 20
151: 20
1421: 20
1524: 20
369: 20
1278: 20
1352: 20
954: 20
558: 20
294: 20
1483: 20
1304: 20
236: 20
916: 20
1172: 20
1280: 20
1525: 20
398: 20
1322: 20
1398: 20
55: 20
775: 20
770: 20
1379: 20
787: 20
392: 20
1469: 20
1319: 20
1173: 20
1478: 20
1245: 20
1315: 20
1359: 20
1452: 20
1520: 20
1491: 20
1347: 20
1277: 20
1184: 20
1409: 20
1343: 20
1007: 20
1390: 20
870: 20
1174: 20
1339: 20
657: 20
160: 20
1195: 20
1325: 20
338: 20
607: 20
194: 20
1275: 20
1264: 20
1475: 20
1507: 20
1438: 20
1136: 20
1113: 20
1030: 20
1095: 20
1426: 20
345: 20
995: 20
1234: 20
1494: 20
1450: 20
1158: 20
445: 20
937: 20
361: 20
1038: 20
466: 20
1495: 20
1345: 20
1517: 20
1272: 20
634: 20
983: 20
705: 20
1207: 20
1180: 20
1120: 20
1403: 20
1212: 20
33: 20
1194: 20
1286: 20
1527: 20
1521: 20
1357: 20
780: 20
1391: 20
1516: 20
1335: 20
677: 20
1117: 20
320: 20
1430: 20
975: 20
988: 20
1170: 216, 20
710: 20
1405: 20
1445: 20
963: 20
1511: 20
1025: 20
1273: 20
1323: 20
610: 20
844: 20
1361: 20
862: 20
1356: 20
1355: 20
858: 20
1432: 20
1296: 20
1313: 20
1017: 20
1344: 20
1487: 20
242: 20
418: 20
1493: 20
966: 20
641: 20
1519: 20
1501: 20
1440: 20
1468: 20
1368: 20
1169: 20
632: 20
1324: 20
648: 20
1401: 20
1499: 20
1458: 20
1312: 20
220: 20
1305: 20
1197: 20
1321: 20
1096: 20
1461: 20
1489: 20
798: 20
1249: 20
277: 20
1502: 20
1204: 20
1353: 20
1142: 20
1512: 20
608: 20
1183: 20
355: 20
680: 20
616: 20
1291: 20
1467: 20
19: 20
1385: 20
1406: 20
383: 20
1508: 20
841: 20
661: 20
1232: 20
449: 20
1481: 20
1410: 20
928: 20
876: 20
1297: 20
1230: 20
1295: 20
1063: 20
852: 20
393: 20
1093: 20
1104: 20
1510: 20
925: 20
1466: 20
269: 20
1005: 20
1081: 20
1431: 27, 17, 36, 8, 7, 4, 96
1348: 216
1182: 216
300: 216
1240: 216
1219: 216
1274: 216
1139: 216
1213: 216
646: 216
1354: 216
1118: 216
1367: 216
525: 216
1260: 216
1326: 216
1036: 216
1485: 216
1189: 216
1237: 216
1465: 216
1257: 216
1100: 216
875: 216
1282: 216
1407: 216
1423: 216
411: 216
1110: 216
1522: 216
1384: 216
1159: 216
1285: 216
1503: 216
598: 216
1342: 216
1484: 216
1386: 216
1470: 216
1308: 216
401: 216
1052: 216
1216: 216
1218: 216
1222: 216
397: 216
209: 1
541: 96
