22: 2, 4
2: 22, 27, 35, 1, 21, 42, 23, 25, 52, 87, 76, 101, 45, 39, 82, 71, 93, 7, 78, 98, 79, 80, 13, 10, 95, 18, 69, 20, 16, 100, 77, 57, 17, 64, 38, 72, 66, 31, 68, 59, 26, 12, 65, 75, 8, 51, 102, 50, 86, 44, 81, 37, 11, 58, 41, 30, 3, 33, 73, 43, 56, 46, 70, 24, 67, 34, 97, 19, 9
27: 2, 4
35: 2, 4
1: 2, 4
21: 2, 4
42: 2, 4
23: 2, 4
25: 2, 4
52: 2, 4
87: 2, 4
76: 2, 4
101: 2, 4
45: 2, 4, 5
39: 2, 4
82: 2, 4
71: 2, 4
93: 2, 4
7: 2, 4
78: 2, 4
98: 2, 4
79: 2, 4
80: 2, 4
13: 2, 4
10: 2, 4
95: 2, 4
18: 2, 4, 88, 115
69: 2, 4
20: 2, 4
16: 2, 4
100: 2, 4
77: 2, 4
57: 2, 4
17: 2, 4
64: 2, 4
38: 2, 4
72: 2, 4
66: 2, 4
31: 2, 4
68: 2, 4
59: 2, 4
26: 2, 4
12: 2, 4
65: 2, 4
75: 2, 4
8: 2, 4
51: 2, 4
102: 2, 4
50: 2, 4
86: 2, 4
44: 2, 4
81: 2, 4
37: 2, 4
11: 2, 4
58: 2, 4, 88, 104
41: 2, 4, 5
30: 2, 4
3: 2, 4, 5
33: 2, 4
73: 2, 4
43: 2, 4
56: 2, 4
46: 2, 4
70: 2, 4
24: 2, 4
67: 2, 4
34: 2, 4
97: 2, 4
19: 2, 4
9: 2, 4
4: 95, 20, 100, 51, 89, 102, 81, 14, 3, 99, 56, 67, 24, 60, 52, 76, 87, 82, 93, 71, 98, 13, 69, 64, 12, 31, 68, 75, 47, 30, 33, 46, 5, 19, 1, 27, 42, 35, 23, 91, 55, 48, 10, 80, 16, 57, 17, 83, 38, 59, 66, 65, 37, 86, 61, 11, 85, 43, 53, 34, 9, 70, 32, 39, 54, 7, 96, 49, 18, 79, 77, 72, 8, 26, 50, 103, 58, 41, 62, 73, 97, 22, 21, 15, 25, 101, 45, 107, 78, 44
89: 4
14: 4
99: 4
60: 4
47: 4
5: 4, 6, 74, 113, 110, 92, 117, 40, 63, 90, 109, 84, 108, 111, 116, 106, 112, 94, 36, 121, 122, 118, 120, 45, 3, 41, 114, 105, 119
91: 4
55: 4
48: 4
83: 4
28: 29
29: 28
61: 4
85: 4
53: 4
32: 4
54: 4
96: 4
49: 4
103: 4
62: 4
15: 4
107: 4
6: 5
74: 5
113: 5
110: 5
92: 5
117: 5
40: 5
63: 5
90: 5
109: 5
84: 5
108: 5
111: 5
116: 5
106: 5
112: 5
94: 5
36: 5
121: 5
122: 5
118: 5
120: 5
114: 5
105: 5
119: 5
88: 58, 18
104: 58
115: 18
