1: 2, 220, 335, 269, 95, 3, 133, 326, 371, 43, 287, 38, 397, 37, 240, 343, 310, 256, 126, 66, 125, 159
2: 1
108: 30, 114, 46
30: 108, 371, 192, 184, 219, 233, 406, 139, 169, 176, 89, 181, 257, 161, 62, 307, 283, 163, 374, 177, 381, 60, 29, 76, 254, 343, 347
303: 20
20: 303, 89, 115, 181, 76, 280, 130, 386, 102, 402, 345, 262, 116, 19, 363, 29, 361, 365, 136, 352, 432, 428, 322, 390, 354, 50, 218, 248, 62, 204, 97, 154, 107, 163, 176
93: 15, 71, 59, 57
15: 93, 61, 142, 70, 153, 16, 58, 105, 14, 104, 99, 56, 21, 152, 64, 185
64: 71, 59, 57, 15
71: 64, 185, 104, 56, 93, 70, 16, 61, 58, 105, 142, 153, 14, 99, 21, 152
405: 53
53: 405, 381, 160, 211, 69, 88, 273, 319, 229, 175, 330, 157, 54, 131, 334, 233, 178, 410, 161, 291, 200, 382, 279, 244, 407
59: 64, 185, 104, 56, 93, 70, 16, 61, 58, 105, 142, 153, 14, 99, 21, 152
89: 20, 30
220: 1
381: 53, 51, 30
76: 51, 20, 10, 30, 63
51: 76, 38, 175, 43, 192, 310, 184, 363, 380, 365, 233, 387, 161, 191, 249, 169, 415, 96, 94, 50, 244, 257, 62, 381, 283, 379, 75, 246, 102, 345, 287, 247, 401, 422
16: 57, 15, 71, 59
57: 16, 58, 105, 14, 104, 99, 56, 21, 152, 64, 185, 93, 61, 142, 70, 153
371: 30, 1
335: 1
431: 34
34: 431, 426, 375, 359, 132, 300, 212, 388, 353, 355, 357, 384, 408, 414, 349, 250, 190, 47, 33, 173, 367, 396, 403, 11
115: 20
185: 71, 59, 57, 15
426: 34
203: 48, 39
48: 203, 288, 165, 40
288: 48
181: 20, 30
304: 114
114: 304, 113, 373, 108, 350, 362, 385, 369, 404, 351, 11, 297
160: 53
61: 15, 71, 59, 57
104: 71, 59, 57, 15
269: 1
375: 34
56: 71, 59, 57, 15
38: 51, 1
95: 1
211: 53
58: 57, 15, 71, 59
429: 28
28: 429, 394, 27, 333, 11
69: 53
192: 30, 51
113: 114
39: 203, 165, 40
175: 51, 53
359: 34
142: 15, 71, 59, 57
88: 53
105: 57, 15, 71, 59
394: 28
280: 20
184: 30, 51
70: 15, 71, 59, 57
153: 15, 71, 59, 57
132: 34
43: 51, 1
3: 1
300: 34
312: 124
124: 312, 140, 145, 215, 278, 336, 123
130: 20
219: 30
140: 124
273: 53
373: 114
233: 30, 51, 53
310: 51, 1
386: 20
212: 34
406: 30
102: 20, 51
363: 51, 20
402: 20
380: 51
388: 34
145: 124
345: 20, 51
215: 124
262: 20
116: 20
353: 34
14: 57, 15, 71, 59
365: 51, 20
133: 1
19: 20
326: 1
278: 124
139: 30
169: 30, 51
99: 57, 15, 71, 59
355: 34
357: 34
319: 53
384: 34
408: 34
27: 28
29: 20, 30
229: 53
387: 51
350: 114
161: 51, 30, 53, 46, 63
361: 20
330: 53, 63
191: 51
62: 10, 30, 51, 20, 63
10: 62, 239, 76, 366, 11, 87
299: 222
222: 299, 221
21: 57, 15, 71, 59
221: 222
249: 51
414: 34
242: 243
243: 242, 11
152: 57, 15, 71, 59
287: 1, 51
176: 30, 20
349: 34
239: 10
415: 51
362: 114
250: 34
190: 34
157: 53
96: 51
385: 114
54: 53
257: 30, 51
136: 20
94: 51
352: 20
47: 34
307: 30
50: 51, 20, 63
131: 53
225: 226
226: 225
334: 53
397: 1
398: 399
399: 398
432: 20
178: 53
244: 51, 53
336: 124
33: 34
37: 1
428: 20
165: 39, 48
322: 20
410: 53
283: 30, 51, 63
163: 30, 20
369: 114
404: 114
291: 53
123: 124
390: 20
200: 53
240: 1
351: 114
354: 20, 63
343: 1, 30
218: 20
173: 34
382: 53
374: 30
177: 30
333: 28
279: 53
248: 20
367: 34
379: 51
204: 20
256: 1
396: 34
97: 20
154: 20
75: 51
246: 51
60: 30
107: 20, 63
126: 1
366: 10
403: 34
265: 11
11: 265, 243, 137, 114, 276, 207, 34, 122, 270, 28, 290, 146, 10
144: 13
13: 144, 232, 12, 214
179: 180
180: 179
227: 228
228: 227, 305
263: 264
264: 263, 325
255: 68
68: 255, 182, 289, 320, 193, 324, 67, 234, 314, 138, 195, 164, 272
182: 68
258: 259, 147
259: 258
137: 11
4: 5
5: 4, 245, 44, 84, 205, 201, 277
289: 68
317: 318
318: 317
245: 5
260: 261
261: 260
199: 168
168: 199, 167
44: 5
325: 264
320: 68
232: 13
274: 275
275: 274
276: 11, 147
207: 11, 147
167: 168
193: 68
305: 228
235: 236
236: 235
340: 341
341: 340
324: 68
122: 11
67: 68
84: 5
234: 68
314: 68
12: 13
270: 11
138: 68
148: 149
149: 148
205: 5
195: 68
290: 11
164: 68
272: 68
146: 11, 147
201: 5
277: 5
214: 13
73: 74
74: 73
423: 35
35: 423, 360, 395, 321, 315, 251, 391, 400, 174, 295, 36, 308, 129, 238, 425, 241, 420, 411, 311, 90, 151, 143, 231, 158, 166, 186, 298, 302, 342
135: 150, 23, 8, 7, 121, 26, 348, 78, 377, 358, 72, 392, 18, 86, 92, 117, 98, 17, 25
150: 135, 79, 18, 41, 6, 24, 22, 52
23: 24, 135, 253, 118, 9, 6, 52, 188
24: 23, 8, 7, 150, 26, 121, 368, 348, 78, 377, 358, 72, 392, 85, 22, 86, 421, 92, 117, 98, 17, 25
79: 150, 7, 121, 26, 368, 78, 348, 377, 358, 72, 392, 22, 25, 86, 117, 98, 17
8: 52, 188, 135, 253, 24, 118, 9, 6
52: 8, 23, 7, 150, 26, 121, 368, 25, 6, 77, 86, 92, 117, 98, 17, 377, 358, 72
253: 23, 8
393: 7, 86
7: 393, 424, 41, 417, 79, 6, 24, 22, 52, 135, 172, 18
18: 150, 7, 17, 121, 26, 135, 86, 92, 117, 98, 25, 377, 358, 72
360: 35
424: 7
118: 23, 187, 8
9: 23, 8
252: 6
6: 252, 7, 285, 23, 150, 329, 286, 316, 8, 103, 198, 82, 91, 171, 392, 52, 348, 377, 78, 358, 72, 77, 101, 86, 92, 117, 98, 25, 17, 328
188: 8, 23, 187
187: 118, 188
41: 7, 150, 198, 26, 376, 42, 91, 46, 78, 348, 377, 358, 72, 392, 293, 356, 86, 92, 117, 98, 210, 17, 25, 81, 383, 370, 337, 419
395: 35
417: 7
285: 6
321: 35
329: 6
22: 7, 150, 25, 121, 26, 368, 79, 24, 86, 17, 117, 92, 98, 358, 72, 377
286: 6
315: 35
316: 6
251: 35
172: 7, 86
391: 35
400: 35
17: 18, 22, 6, 24, 41, 79, 135, 52
25: 22, 52, 79, 6, 24, 41, 18, 135
198: 41, 6
26: 52, 41, 24, 22, 135, 79, 18
121: 22, 135, 18, 79, 52, 24
103: 6
174: 35
284: 32, 120
32: 284, 206, 119, 323, 155, 267, 189, 208, 31, 49, 306, 80
206: 32
119: 32, 120
323: 32
155: 32
267: 32, 268
189: 32, 268
208: 32
31: 32
49: 32
306: 32
80: 32, 268
295: 35
368: 22, 79, 52, 24
36: 35
308: 35
40: 39, 48
346: 171, 82, 101
171: 346, 81, 213, 6, 55, 378, 170
82: 6, 81, 346
81: 82, 171, 46, 41
213: 171, 46, 101
91: 6, 41
376: 41
55: 171, 46, 101
42: 41
378: 171, 101
170: 171, 101
313: 46
46: 313, 55, 301, 134, 45, 196, 266, 108, 296, 213, 161, 209, 194, 83, 197, 65, 292, 109, 81, 202, 294, 224, 156, 216, 162, 223, 327, 237, 217, 41, 183, 271, 106, 281
301: 46
134: 46
45: 46
196: 46
266: 46
296: 46
209: 46, 183
194: 46
83: 46
197: 46
65: 46
292: 46
109: 46
202: 46
294: 46
224: 46
156: 46
216: 46
162: 46
223: 46
327: 46
237: 46
217: 46
183: 46, 209
271: 46
106: 46
281: 46
129: 35
238: 35
63: 354, 412, 50, 62, 283, 76, 330, 107, 416, 161
412: 63
425: 35
416: 63
66: 1
392: 6, 135, 24, 79, 41
348: 135, 24, 79, 6, 41
78: 135, 24, 79, 6, 41
377: 135, 24, 79, 6, 41, 18, 52, 22
358: 135, 24, 79, 6, 41, 22, 18, 52
72: 135, 24, 79, 6, 41, 22, 18, 52
85: 24
101: 55, 110, 170, 346, 100, 213, 309, 378, 6
110: 101
77: 6, 52
100: 101
241: 35
309: 101
293: 41
338: 339
339: 338
356: 41
86: 41, 24, 22, 393, 135, 79, 18, 172, 344, 427, 52, 6
420: 35
411: 35
421: 24
344: 86, 117, 98
311: 35
427: 86, 92, 98
87: 10
90: 35
151: 35
143: 35
231: 35
92: 41, 6, 24, 22, 52, 135, 18, 427
117: 41, 409, 413, 344, 389, 6, 24, 372, 22, 52, 135, 364, 79, 18
409: 117, 98
413: 117, 98
389: 117, 98
372: 117
364: 117, 98
98: 24, 41, 22, 135, 79, 52, 18, 6, 364, 344, 413, 389, 409, 418, 427, 430
111: 112
112: 111
120: 284, 119
125: 1
127: 128
128: 127, 141, 230, 332, 282, 331
141: 128
230: 128
332: 128
282: 128
331: 128
268: 267, 189, 80
147: 146, 207, 276, 258
158: 35
159: 1
166: 35
186: 35
210: 41
247: 51
401: 51
422: 51
254: 30
297: 114
298: 35
302: 35
328: 6
383: 41
370: 41
337: 41
342: 35
347: 30
407: 53
418: 98
419: 41
430: 98
