84: 2
2: 84, 1, 29, 110, 101, 117, 90, 49, 69, 118, 66, 72, 112, 68, 137, 74, 11, 140, 58, 148, 40, 121, 43, 144, 19, 28, 7, 100, 134, 122, 162, 161, 163, 8, 113, 9, 103, 78, 89, 141, 116, 128, 92, 123, 109, 16, 64, 115, 53, 18, 127, 23, 65, 21, 107, 24, 17, 102, 138, 131, 45, 142, 30, 35, 12, 63, 10, 60, 108, 6, 47, 104, 81, 98, 114, 91, 52, 85, 170, 79, 153, 136, 154, 94, 159, 105, 120, 62, 158, 157
1: 2
29: 2
110: 2
101: 2
117: 2
90: 2
49: 2
69: 2
118: 2
66: 2
72: 2
112: 2
68: 2
137: 2
74: 2
11: 2
140: 2
58: 2
148: 2
40: 2
121: 2
43: 2
144: 2
95: 4
4: 95, 130, 57, 17, 129, 59, 147, 36, 31, 75, 44, 126, 3, 33, 56, 5, 34, 22, 143, 149, 55, 111, 15, 25, 54, 107, 71
130: 4
57: 4
17: 4, 2
67: 13, 146, 156
13: 67, 60, 135, 63, 12, 50, 41
129: 4
59: 4
147: 4
36: 4
31: 4
60: 13, 2, 146, 156
75: 4
44: 4
126: 4
3: 4
33: 4
56: 4
5: 4
135: 13, 146
63: 13, 2, 146, 156
34: 4
22: 4
12: 13, 2, 146, 156
143: 4
149: 4
50: 13, 146, 156
132: 133
133: 132
55: 4
111: 4
15: 4
25: 4
54: 4
41: 13, 42, 146
107: 4, 2
71: 4
19: 2
6: 87, 86, 7, 14, 122, 28, 106, 8, 16, 109, 64, 76, 23, 39, 77, 26, 27, 125, 32, 2, 88, 98, 10, 47, 108, 99, 79
87: 6
10: 8, 122, 124, 70, 28, 7, 73, 14, 64, 109, 16, 76, 23, 20, 39, 77, 26, 27, 125, 32, 2, 152, 48, 150, 151, 139, 80, 46, 98, 164, 167, 160, 6, 155, 51, 61, 79, 47, 169, 108, 166, 119
8: 10, 6, 2
28: 2, 6, 10
7: 2, 6, 10
122: 10, 6, 2
86: 6
14: 6, 10
124: 10
70: 10
106: 6
100: 2
134: 2
73: 10
162: 2
161: 2
163: 2
113: 2
9: 2
103: 2
78: 2
89: 2
141: 2
116: 2
128: 2
92: 2
123: 2
16: 6, 2, 10
109: 6, 2, 10
64: 6, 10, 2
115: 2
53: 2
18: 2
127: 2
23: 2, 10, 6
76: 10, 6
20: 10
39: 6, 10
65: 2
21: 2
24: 2
77: 10, 6
26: 10, 6
102: 2
27: 6, 10
125: 6, 10
138: 2
131: 2
45: 2
142: 2
30: 2
32: 10, 6
35: 2
108: 2, 6, 10
47: 2, 6, 10
37: 38
38: 37
42: 41, 136, 62
136: 42, 2
62: 42, 2
104: 2
81: 2
152: 10
98: 2, 10, 6
48: 10
114: 2
150: 10
88: 6
91: 2
151: 10
139: 10
80: 10
46: 10
164: 10
167: 10
160: 10
155: 10
51: 10
52: 2
85: 2
61: 10
170: 2
79: 2, 10, 6
153: 2
99: 6
154: 2
169: 10
93: 83
83: 93, 82
82: 83
94: 2
159: 2
145: 146
146: 145, 12, 135, 60, 50, 63, 67, 41
166: 10, 168
96: 97
97: 96, 165
168: 166
165: 97
105: 2
119: 10
120: 2
156: 60, 50, 63, 67, 12
158: 2
157: 2
