6: 19, 2, 40, 20, 3, 23, 15, 33, 4, 18, 7, 13, 12, 5, 8, 16, 44, 9, 10, 37, 14, 39, 41, 43, 38, 17, 21, 22, 36, 24, 26, 27, 28, 29, 30, 34, 42
19: 6
1: 2, 20, 3, 4, 18, 23, 33, 15, 7, 5, 12, 8, 32, 37, 13, 31, 17, 21, 22, 24, 26, 34
2: 1, 6, 11
11: 20, 2, 3, 15, 7, 33, 4, 18, 23, 13, 12, 25, 8, 32, 45, 14, 35, 17, 21, 22, 24, 26, 34
20: 11, 1, 6
40: 6
3: 11, 6, 1
4: 1, 11, 6
23: 6, 1, 11
18: 1, 11, 6
15: 11, 6, 1
7: 11, 1, 6
33: 1, 11, 6
5: 1, 6
13: 6, 11, 1
12: 6, 11, 1
25: 11
8: 1, 6, 11
16: 6
44: 6
32: 11, 1
45: 11
9: 6
10: 6
37: 6, 1
14: 6, 11
39: 6
41: 6
31: 1
43: 6
38: 6
35: 11
17: 1, 11, 6
21: 6, 1, 11
22: 6, 1, 11
24: 1, 11, 6
36: 6
26: 6, 1, 11
27: 6
28: 6
29: 6
30: 6
34: 1, 11, 6
42: 6
