1: 37, 8, 2, 31, 34, 3, 26, 27, 46, 23, 9, 11, 12, 30, 7, 24, 29, 17, 64, 58, 59, 16, 44, 41, 48, 51, 56, 25, 55, 18, 52, 38, 54, 50, 45, 22, 63, 33, 43, 47
37: 1
8: 1
2: 1
31: 1
34: 1
13: 3, 23, 9, 11, 17, 7, 58, 57, 49, 18, 43
3: 13, 1, 4, 10, 6
4: 24, 3, 23, 5, 9, 11, 12, 7, 29, 17, 49, 59, 62, 68, 66, 46, 67, 60, 65, 50, 48, 51, 25, 18, 52, 54, 53, 21, 61, 43, 47
24: 4, 1
10: 17, 7, 23, 9, 11, 3, 49, 30, 18, 43
17: 10, 6, 13, 1, 4
26: 1
27: 1
6: 17, 7, 23, 9, 11, 39, 3, 29, 58, 59, 57, 18, 36, 19, 35, 40, 43
46: 1, 4
7: 10, 6, 1, 13, 4
23: 13, 1, 10, 4, 6
5: 4
9: 10, 6, 4, 13, 1
11: 13, 1, 10, 4, 6
12: 4, 1
39: 6
30: 1, 10
49: 10, 4, 13
29: 1, 4, 6
58: 13, 6, 1
64: 1
59: 4, 6, 1
62: 4
68: 4
66: 4
57: 13, 6
67: 4
60: 4
65: 4
42: 15
15: 42, 28, 20, 14, 32
28: 15
20: 15
14: 15
32: 15
16: 1
44: 1
41: 1
50: 4, 1
48: 1, 4
18: 6, 1, 13, 10, 4
51: 1, 4
56: 1
25: 1, 4
55: 1
52: 1, 4
38: 1
54: 1, 4
45: 1
36: 6
19: 6
53: 4
21: 4
61: 4
22: 1
63: 1
33: 1
35: 6
40: 6
43: 13, 10, 1, 4, 6
47: 4, 1
