1975: 17
1587: 144, 1938, 17
1012: 2, 10
251: 2, 10
636: 2, 10
101: 113, 1769, 3862, 320, 156, 2863, 446, 43, 376, 485, 63, 399, 1, 232, 56, 2, 1015, 1399, 1639, 1057, 136, 1020, 274, 568, 288, 226, 150, 139, 230, 300, 154, 160, 116, 53, 457, 102, 29, 630, 426, 1060, 474, 475, 236, 2826, 10, 127, 50, 82, 1831, 77, 291, 1910, 540, 35, 85, 532, 187
302: 2, 10
659: 17
1833: 17
540: 2, 10
91: 17
78: 453, 63, 1, 232, 727, 56, 2, 87, 139, 154, 53, 236, 127, 567, 77, 1910, 64, 477, 85
1044: 17
263: 56, 2, 116, 113, 717, 53, 29, 3177, 2190, 320, 13, 8, 85, 63, 139, 1, 232, 1831
203: 2, 10
250: 144, 17
1164: 17
510: 13, 2, 116, 232
16: 17
254: 8, 2, 10
1010: 144, 17
57: 17
740: 144, 17
1239: 17
462: 144, 17
920: 17
8: 3487, 2401, 2641, 3521, 625, 856, 711, 3512, 3447, 902, 3287, 3338, 1606, 1422, 1747, 1968, 3241, 3526, 3467, 2408, 1845, 2521, 394, 3796, 1107, 774, 2279, 4076, 3721, 1452, 357, 3609, 1424, 1425, 1544, 823, 954, 649, 2011, 76, 1618, 765, 1301, 3099, 176, 2434, 2692, 1967, 936, 1621, 1138, 555, 946, 958, 2619, 693, 22, 1332, 3692, 1760, 1278, 775, 2223, 1701, 3167, 2102, 2318, 589, 3247, 3562, 1299, 24, 2797, 2399, 1099, 1545, 2215, 1457, 1997, 2099, 1401, 3161, 209, 712, 2527, 1762, 3701, 464, 133, 2779, 314, 150, 2107, 2864, 559, 2186, 3412, 873, 228, 1733, 1823, 285, 3536, 1302, 1484, 3929, 969, 2368, 614, 3641, 1725, 816, 3309, 3553, 1675, 2551, 2119, 361, 282, 3426, 1557, 2515, 812, 1029, 2816, 2112, 2157, 436, 1354, 1184, 892, 2713, 404, 1896, 3429, 172, 3597, 1837, 2662, 970, 700, 170, 2207, 1093, 284, 3734, 3421, 566, 3688, 340, 510, 2733, 848, 3306, 3409, 3549, 1429, 3236, 639, 356, 1694, 3695, 2, 2069, 372, 3749, 191, 193, 3139, 1012, 602, 3103, 123, 2542, 3226, 3589, 2042, 1683, 2316, 2263, 2249, 2352, 2456, 1474, 3656, 3088, 3332, 2325, 3127, 334, 1945, 2292, 3133, 2317, 299, 2220, 3448, 887, 2258, 3444, 3712, 2622, 1225, 1199, 1197, 3471, 997, 2479, 3583, 2109, 2451, 258, 420, 466, 3546, 236, 1960, 1349, 1024, 1108, 1734, 3345, 2127, 3395, 3310, 771, 265, 1505, 2246, 2176, 2585, 1702, 2438, 714, 704, 2195, 2472, 3524, 3464, 2758, 3172, 11, 1320, 3608, 1213, 810, 3275, 3640, 3542, 441, 1985, 2492, 3351, 1781, 73, 3125, 3718, 257, 3523, 664, 1067, 695, 1645, 3366, 1495, 1317, 741, 825, 2927, 2655, 2016, 2436, 2680, 2144, 1266, 138, 1791, 459, 860, 179, 3658, 147, 3655, 2374, 1373, 3531, 203, 2167, 1330, 3557, 679, 717, 457, 2612, 2377, 564, 661, 190, 2686, 2256, 2705, 3225, 943, 82, 2397, 27, 862, 307, 1018, 1561, 303, 2801, 1206, 3159, 607, 2382, 2529, 1165, 328, 3667, 151, 904, 3603, 1288, 3166, 1305, 1416, 479, 3423, 2217, 1887, 577, 2730, 3285, 1907, 3892, 1504, 1156, 129, 3652, 1263, 2385, 1819, 2476, 3264, 2461, 1693, 1462, 2559, 2235, 248, 1728, 2512, 1573, 1237, 1145, 2423, 3508, 3516, 1537, 1270, 1761, 1916, 1176, 2286, 1132, 2250, 3131, 1973, 2422, 2126, 70, 557, 739, 3279, 1828, 2184, 31, 3252, 3699, 196, 1622, 2060, 2353, 1684, 754, 368, 2667, 1468, 2000, 1163, 3355, 2796, 1248, 1021, 1123, 3372, 498, 41, 3438, 743, 81, 3632, 3427, 1236, 2649, 985, 1253, 1105, 3668, 2253, 655, 2054, 1124, 3207, 1847, 540, 2597, 283, 3229, 2748, 520, 1437, 815, 1393, 280, 1947, 2443, 982, 417, 2236, 182, 1865, 3347, 2141, 3118, 839, 956, 3472, 1925, 1142, 1182, 628, 1519, 876, 1441, 3598, 1074, 2488, 886, 3194, 1205, 3138, 3657, 449, 960, 3126, 2709, 1817, 2338, 883, 2154, 750, 3117, 1532, 647, 346, 2012, 662, 3265, 1367, 1268, 912, 2729, 2665, 3461, 1245, 2690, 964, 1581, 3291, 2564, 440, 263, 1857, 3400, 2347, 1709, 3705, 2695, 779, 3254, 1264, 3615, 2320, 308, 1055, 1808, 3295, 2389, 3239, 1517, 55, 858, 2021, 963, 1196, 546, 3613, 1875, 118, 2771, 149, 3496, 3509, 350, 506, 325, 2309, 1871, 3752, 545, 3684, 1334, 104, 3402, 1038, 645, 3606, 277, 1937, 1735, 2356, 1478, 1309, 1979, 2562, 467, 567, 3510, 267, 3488, 2307, 358, 1378, 489, 1510, 302, 565, 292, 1926, 121, 1982, 3315, 3586, 3518, 2620, 1453, 723, 1516, 1797, 572, 2760, 533, 3335, 1533, 732, 199, 585, 1850, 725, 1149, 1555, 1575, 3329, 2293, 1341, 1471, 1386, 3108, 3434, 251, 1508, 1417, 3599, 1473, 3350, 967, 2331, 1136, 1220, 636, 2071, 3376, 3711, 3481, 317, 3455, 1394, 3681, 1210, 1277, 793, 3152, 2734, 1792, 930, 2731, 1412, 917, 33, 1503, 805, 3342, 1046, 418, 1431, 2710, 1001, 1782, 3564, 505, 3360, 3095, 1714, 1134, 3979, 1972, 291, 15, 1028, 1090, 1918, 1724, 2265, 2577, 2528, 2168, 2805, 453, 1374, 658, 3468, 2724, 2182, 2335, 2199, 324, 3277, 399, 514, 3415, 339, 2375, 1158, 817, 1664, 2350, 857, 2297, 2251, 929, 650, 686, 331, 2800, 504, 1061, 3137, 1550, 206, 2105, 2137, 2248, 2442, 1348, 3331, 2226, 640, 156, 2786, 884, 2640, 32, 527, 89, 385, 463, 1159, 583, 1324, 300, 764, 1506, 2522, 1287, 2405, 386, 2046, 952, 1543, 2009, 530, 3740, 1073, 1222, 3724, 1624, 1498, 1513, 1619, 1655, 974, 349, 2637, 21, 1547, 1368, 1902, 3618, 1584, 756, 1515, 456, 2502, 1094, 3, 239, 1784, 443, 1166, 1231, 1739, 127, 804, 1313, 77, 515, 2795, 853, 3086, 266, 242, 3882, 1931, 752, 586, 597, 3753, 907, 2486, 2548, 517, 107, 911, 1987, 75, 1859, 229, 2380, 1892, 747, 2572, 829, 1802, 1363, 3533, 2897, 2450, 3514, 2777, 370, 249, 1574, 772, 3672, 1436, 1560, 1087, 1439, 1998, 2639, 729, 2034, 101, 1003, 2268, 137, 1746, 2212, 3776, 216, 1091, 1430, 3119, 2505, 617, 499, 2083, 1276, 1919, 400, 3388, 2557, 2540, 3240, 3730, 367, 2753, 777, 2088, 2237, 1342, 1410, 3262, 2409, 971, 3197, 2859, 3321, 1493, 1191, 342, 1835, 2311, 3110, 933, 3357, 2746, 3201, 1396, 1443, 1050, 268, 2555, 1217, 264, 1141, 262, 866, 3349, 3140, 238, 312, 227, 3163, 1824, 1646, 680, 1129, 3709, 438, 1181, 3268, 3614, 59, 1879, 305, 2617, 3435, 3404, 1207, 379, 1133, 359, 3377, 500, 2288, 3269, 2537, 4053, 1778, 371, 3311, 3122, 1153, 3281, 3075, 2579, 3234, 2720, 2632, 2535, 3307, 2371, 3093, 3567, 713, 110, 1648, 846, 454, 1475, 758, 1692, 1486, 492, 310, 3189, 644, 3097, 706, 3406, 1226, 1343, 1390, 656, 2179, 335, 1917, 2272, 14, 2466, 734, 2274, 3208, 493, 393, 1586, 835, 2427, 2387, 3280, 2532, 925, 3631, 1558, 1408, 1971, 1249, 3200, 1455, 3248, 3398, 146, 1328, 962, 2811, 1080, 1454, 1121, 2097, 86, 3346, 528, 1435, 3710, 767, 2351, 2722, 1347, 855, 273, 2090, 3742, 3147, 869, 2173, 3204, 1659, 2497, 784, 727, 44, 808, 3449, 4032, 1851, 1759, 2804, 631, 1382, 2198, 3737, 2747, 1101, 3379, 3182, 3676, 2089, 256, 787, 37, 1298, 1502, 3428, 1076, 3628, 1744, 2519, 2708, 1013, 3503, 3575, 2694, 3499, 3577, 626, 1986, 761, 1357, 1004, 18, 2609, 3091, 651, 2723, 3649, 3337, 2511, 3456, 1933, 2095, 3096, 537, 3746, 2556, 3473, 3617, 2602, 3942, 3623, 3469, 2793, 1092, 2700, 3441, 195, 590, 1289, 3446, 3422, 1687, 1777, 1751, 3312, 446, 870, 3965, 2111, 3396, 380, 141, 2541, 2327, 354, 3414, 3392, 71, 1821, 1721, 2500, 1948, 1395, 2560, 1200, 820, 3992, 3317, 3678, 2569, 738, 3358, 3394, 1459, 1870, 3474, 2074, 3648, 1088, 117, 582, 2806, 2418, 3375, 1804, 1069, 806, 1886, 1215, 1260, 3460, 1612, 1319, 3016, 3573, 1794, 2301, 950, 469, 2813, 698, 1578, 1856, 1331, 36, 579, 1814, 1241, 3243, 3561, 1120, 2554, 2266, 3380, 103, 2117, 1730, 1722, 1047, 28, 3340, 549, 3691, 851, 1716, 3227, 2143, 2439, 1307, 1507, 1841, 844, 109, 1365, 3224, 1234, 1952, 2114, 1173, 677, 3621, 768, 1460, 594, 2792, 2621, 1201, 2435, 3616, 2413, 2344, 2737, 152, 824, 1209, 696, 3339, 338, 3440, 1000, 4059, 2751, 164, 616, 814, 2610, 2206, 574, 3639, 125, 1703, 966, 3341, 1323, 1292, 1112, 1052, 3134, 3390, 2020, 1801, 945, 2675, 521, 880, 1834, 3169, 93, 2002, 202, 3185, 547, 576, 551, 1552, 1392, 852, 1889, 3168, 3087, 1849, 2072, 3545, 477, 2787, 1628, 3089, 2757, 908, 3849, 1175, 2477, 1629, 2394, 3459, 2863, 1041, 927, 3687, 1477, 375, 326, 232, 2146, 694, 1922, 3538, 1681, 1991, 2776, 2061, 1756, 2501, 941, 2175, 620, 931, 1017, 1014, 2611, 1595, 513, 1585, 795, 363, 2210, 2725, 1704, 34, 1034, 2118, 3629, 1404, 1553, 2151, 3417, 2467, 3143, 1256, 1658, 90, 1899, 1754, 2447, 422, 2225, 3543, 1310, 3290, 587, 3251, 323, 921, 177, 1861, 3600, 2990, 1712, 794, 2213, 1669, 1920, 488, 508, 3675, 1472, 2526, 23, 532, 3520, 3450, 3128, 1705, 2452, 1326, 1679, 2631, 1419, 218, 2336, 3665, 1500, 1219, 1083, 139, 2004, 1877, 2592, 166, 1442, 3193, 3294, 1713, 1089, 2390, 2491, 309, 401, 435, 2379, 1983, 697, 337, 1685, 2096, 430, 961, 3745, 3727, 3222, 2393, 495, 205, 19, 1652, 584, 445, 67, 483, 1710, 58, 1680, 132, 3101, 2470, 2077, 522, 611, 2594, 2660, 2638, 2590, 630, 2717, 836, 2712, 2768, 2575, 3716, 1636, 1720, 1194, 3551, 724, 377, 497, 1152, 2337, 1137, 387, 2774, 3217, 3816, 3191, 1598, 407, 543, 2106, 671, 2504, 529, 811, 2005, 901, 2080, 2496, 699, 1897, 2475, 766, 184, 412, 211, 833, 1807, 1772, 3479, 1162, 2839, 2629, 2958, 1771, 2696, 68, 3736, 3209, 1511, 3228, 1637, 947, 1843, 3593, 3529, 362, 826, 1111, 2778, 3663, 260, 3506, 1023, 427, 2147, 2278, 501, 770, 830, 719, 2113, 2673, 1626, 2812, 223, 142, 1185, 1297, 1549, 243, 1940, 535, 3367, 2218, 1644, 978, 60, 2289, 3297, 4068, 1611, 1763, 721, 3183, 1043, 3998, 965, 1674, 62, 496, 3552, 2366, 444, 632, 1025, 2262, 1062, 633, 554, 1308, 416, 3370, 2659, 2285, 822, 669, 437, 2091, 580, 2332, 973, 709, 1221, 3486, 1676, 2162, 1026, 46, 2174, 2567, 1695, 1335, 3144, 1125, 1255, 937, 525, 1785, 1929, 648, 3343, 2322, 2635, 2122, 1963, 2468, 1254, 56, 3173, 819, 3905, 667, 1147, 2132, 1218, 160, 906, 1377, 2165, 1146, 1315, 421, 1719, 3063, 213, 3031, 3725, 3397, 2240, 1160, 85, 42, 2658, 2810, 3116, 3381, 2140, 3638, 4077, 3123, 868, 1594, 703, 1811, 2161, 1521, 1189, 3726, 2781, 944, 2593, 2457, 2820, 442, 3192, 827, 2357, 136, 3259, 3485, 746, 1008, 2530, 2227, 757, 2087, 1501, 183, 2018, 2125, 3704, 1496, 3650, 708, 1700, 1742, 329, 3698, 1825, 2410, 562, 2650, 1688, 1458, 189, 1592, 556, 1168, 1045, 2063, 1480, 596, 1651, 3136, 2185, 1678, 2668, 682, 2001, 837, 1529, 296, 1154, 2489, 2051, 2163, 1285, 66, 3188, 1737, 894, 1827, 61, 2646, 2552, 1366, 689, 51, 2514, 2243, 1488, 3578, 552, 2767, 3289, 702, 3696, 2392, 3401, 3550, 2048, 3113, 2155, 108, 1880, 1905, 595, 1039, 542, 1296, 1582, 3530, 629, 802, 455, 2177, 3146, 2726, 2538, 2545, 319, 2302, 3162, 1116, 1798, 850, 3535, 1627, 3703, 2463, 3362, 3756, 1470, 2037, 3824, 660, 2616, 3433, 913, 511, 1122, 1921, 1980, 1327, 3671, 769, 2166, 1281, 1329, 2360, 3157, 3202, 3041, 600, 3574, 1514, 3507, 1813, 1262, 3750, 1696, 1930, 1943, 3320, 2339, 3130, 2093, 79, 2576, 841, 3419, 1030, 676, 3223, 722, 3129, 186, 3299, 1869, 715, 1464, 246, 254, 2085, 2053, 3107, 348, 3258, 1706, 832, 408, 932, 3498, 1449, 1190, 3196, 2506, 2499, 3646, 3153, 3897, 278, 3637, 3300, 3318, 2355, 3694, 434, 1698, 854, 2462, 2707, 558, 3322, 2282, 3233, 398, 678, 88, 1894, 162, 591, 40, 3994, 1741, 3525, 3278, 3660, 922, 487, 3483, 157, 3393, 3413, 1591, 1670, 2255, 1770, 287, 813, 1048, 581, 666, 720, 2045, 2059, 2299, 1250, 1019, 461, 220, 3094, 2319, 3493, 2870, 2766, 863, 1214, 2007, 1914, 3313, 1351, 1240, 893, 3490, 1224, 763, 1969, 3261, 3211, 731, 12, 2201, 979, 980, 541, 705, 411, 531, 2378, 1682, 1161, 3151, 3425, 92, 450, 3334, 605, 2403, 241, 1195, 3624, 2750, 122, 986, 2822, 1774, 2010, 1438, 1371, 38, 2415, 178, 3199, 3231, 470, 1075, 1858, 635, 3470, 3298, 1037, 485, 175, 3420, 3353, 2756, 2607, 3580, 3391, 1130, 301, 1608, 53, 1671, 3591, 2303, 2252, 786, 10, 2580, 730, 509, 1790, 2749, 897, 428, 2358, 1418, 2628, 1304, 3534, 1450, 451, 1339, 2693, 1600, 1228, 3645, 1002, 1665, 2196, 673, 798, 194, 5, 1883, 3336, 2203, 718, 592, 1353, 683, 1065, 3584, 181, 742, 153, 3522, 460, 226, 1485, 627, 2490, 1358, 185, 1233, 2788, 2028, 1230, 3369, 281, 212, 3566, 2202, 1290, 1588, 657, 663, 1796, 2510, 3497, 609, 809, 1391, 1380, 2702, 2381, 889, 3175, 2402, 188, 910, 3374, 4, 1174, 215, 2601, 1726, 578, 1957, 341, 2128, 914, 1844, 3210, 2076, 106, 403, 1155, 877, 2346, 1736, 1764, 653, 613, 2424, 112, 1333, 2440, 2359, 1717, 2738, 3442, 343, 748, 781, 1148, 953, 3757, 2570, 955, 1192, 2598, 1779, 2721, 2361, 599, 2494, 1345, 2642, 1593, 1974, 2404, 2190, 1167, 762, 2685, 1109, 397, 1079, 1909, 490, 3452, 1469, 1364, 1745, 3218, 1447, 1799, 1596, 2294, 1990, 1776, 1829, 2326, 2259, 2744, 1336, 1523, 315, 3647, 1541, 3364, 298, 888, 1479, 601, 478, 1816, 995, 2181, 2944, 392, 3215, 1932, 3569, 2703, 570, 934, 3371, 1414, 286, 2239, 336, 692, 538, 2459, 433, 3585, 1499, 999, 293, 2561, 2073, 381, 1257, 198, 3519, 1303, 1077, 1346, 737, 1934, 318, 1179, 800, 634, 3373, 402, 135, 3607, 1936, 3220, 1810, 1251, 383, 935, 3439, 926, 2055, 2578, 1446, 1150, 1789, 2121, 3669, 49, 2614, 1118, 352, 3314, 2815, 2333, 3741, 163, 1631, 1344, 867, 1654, 425, 3588, 192, 690, 2465, 2584, 2384, 2124, 3619, 1900, 1227, 951, 169, 2267, 2773, 3411, 69, 789, 322, 989, 612, 3384, 1492, 2626, 726, 83, 3689, 1370, 276, 1662, 1677, 845, 2349, 72, 1950, 1913, 3323, 330, 2826, 1053, 378, 603, 2079, 1993, 938, 3430, 2596, 3359, 3100, 861, 1322, 3304, 1151, 1103, 159, 1359, 374, 3436, 3158, 3579, 2429, 2656, 2715, 3491, 2653, 2014, 224, 1854, 840, 2518, 2784, 3466, 3592, 2169, 2643, 2287, 838, 1962, 2546, 1839, 3288, 2698, 3178, 3361, 865, 201, 2312, 1006, 760, 1169, 909, 1647, 919, 1657, 231, 1448, 1068, 3744, 388, 3517, 1204, 2672, 2809, 3961, 519, 899, 1923, 320, 1538, 2219, 391, 1876, 3477, 900, 1589, 3644, 588, 1690, 1057, 1400, 1426, 78, 2657, 1171, 39, 148, 1668, 3511, 3939, 780, 1096, 2284, 2780, 96, 439, 1208, 3092, 637, 1927, 2791, 3642, 1803, 259, 3416, 548, 1525, 2159, 1235, 48, 480, 2411, 2065, 7, 2013, 210, 3184, 1599, 1882, 3445, 1970, 2549, 2711, 1765, 1848, 3755, 1984, 1407, 1252, 1275, 1996, 1707, 345, 1773, 1667, 2431, 2474, 2150, 233, 1086, 1864, 2599, 3713, 3683, 3653, 641, 1616, 1481, 261, 516, 1117, 3541, 957, 3465, 2365, 3634, 672, 3437, 1633, 2254, 751, 1203, 1072, 3235, 155, 3537, 2613, 3601, 306, 134, 3700, 1723, 2314, 116, 494, 872, 2818, 1738, 849, 2716, 405, 3627, 1512, 2036, 1755, 3386, 736, 2533, 1836, 2691, 30, 2298, 2178, 993, 2232, 2727, 2229, 458, 1941, 1362, 63, 1731, 749, 1051, 2172, 65, 2123, 2573, 1866, 2310, 9, 1293, 2183, 1895, 1853, 1286, 3717, 1081, 1423, 1958, 3633, 685, 3327, 1066, 1440, 1904, 3458, 1818, 3431, 235, 2391, 3693, 1579, 3576, 295, 1126, 1294, 544, 1321, 1461, 1605, 174, 1318, 1640, 1766, 1183, 3230, 87, 3679, 1617, 2681, 2283, 1312, 1564, 2595, 1016, 753, 3150, 74, 3453, 604, 52, 2340, 1383, 2493, 1355, 2031, 1238, 3731, 622, 1757, 472, 481, 1434, 2880, 1011, 290, 413, 1097, 1115, 1577, 3363, 608, 2623, 526, 3484, 885, 3495, 2216, 1661, 1085, 1978, 1271, 864, 1274, 1005, 468, 240, 1104, 2084, 3181, 2947, 1403, 2321, 1530, 2052, 1634, 1604, 879, 1246, 1405, 3556, 670, 1157, 1007, 3702, 3708, 905, 2035, 2101, 1223, 1906, 1032, 217, 279, 3443, 3165, 1247, 1140, 154, 2277, 1546, 54, 2634, 353, 475, 1071, 1465, 992, 502, 1656, 1820, 1780, 2238, 688, 3612, 2244, 2323, 3148, 3610, 991, 1139, 1413, 3922, 1497, 1467, 1901, 3410, 642, 654, 2160, 219, 598, 1269, 773, 1187, 1570, 1855, 3378, 915, 1258, 939, 2006, 1229, 3348, 1369, 409, 2017, 2583, 1788, 3271, 294, 2772, 1202, 3572, 410, 2432, 1630, 1852, 1935, 1826, 1409, 366, 1752, 1944, 2276, 1494, 1300, 1398, 1311, 981, 484, 2550, 687, 347, 424, 3232, 304, 1127, 1832, 2679, 1172, 130, 3283, 491, 1699, 3316, 1750, 2130, 119, 2732, 2433, 355, 2525, 1691, 50, 2444, 390, 395, 896, 448, 524, 99, 1708, 1385, 1415, 681, 2032, 994, 3256, 2081, 638, 3106, 733, 2481, 1, 327, 245, 799, 100, 759, 828, 2454, 2819, 114, 476, 1379, 2209, 1590, 674, 1536, 1643, 3407, 2740, 918, 3382, 105, 2566, 419, 35, 165, 2664, 707, 415, 1054, 389, 140, 2364, 471, 128, 3690, 1259, 3352, 3273, 2547, 3714, 3722, 2300, 1635, 1406, 1381, 4118, 1375, 2348, 2222, 1428, 668, 847, 2517, 2273, 3328, 2674, 126, 2170, 2536, 1795, 3326, 675, 652, 791, 988, 3596, 968, 1787
2508: 17
406: 17
14: 24, 113, 446, 2863, 13, 63, 399, 1, 232, 56, 2, 3011, 136, 568, 150, 139, 3221, 116, 717, 457, 53, 4001, 29, 1700, 82, 431, 35, 85, 532
44: 113, 2448, 2863, 446, 13, 2469, 43, 63, 399, 723, 1, 232, 56, 2, 136, 150, 139, 116, 53, 457, 102, 29, 2826, 45, 1689, 82, 3017, 344, 35, 2854, 85, 532, 1267
1368: 2, 10
1862: 17
1946: 17
132: 2, 116, 717, 53, 428, 85, 176, 10, 139, 1, 232
3463: 17
1135: 17
24: 13, 2
1504: 2, 10
1218: 13, 2
128: 13, 2
1083: 13, 2
307: 2670, 320, 446, 13, 549, 176, 399, 1, 232, 2, 1015, 2932, 3090, 1601, 136, 150, 139, 116, 717, 457, 53, 82, 1910, 1436, 656, 35, 85, 532, 2718
1279: 144, 17
271: 144, 17
21: 1956, 624, 1084, 615, 446, 2863, 1421, 176, 1273, 2840, 432, 399, 1597, 364, 1, 1360, 232, 2, 2019, 1432, 1265, 136, 300, 150, 139, 1184, 116, 53, 457, 3729, 207, 1966, 197, 630, 1994, 2826, 1981, 1548, 82, 1170, 234, 972, 656, 1697, 35, 1242, 1988, 85, 1928, 532, 244, 351, 20
788: 17
168: 17
149: 2, 20
1569: 17
485: 101, 2, 34, 122, 10
1431: 13, 2
160: 60, 101, 113, 2190, 446, 2863, 43, 5, 176, 63, 399, 1, 161, 232, 81, 2, 3843, 3011, 136, 568, 226, 150, 139, 3221, 116, 717, 457, 53, 29, 2826, 10, 82, 794, 652, 656, 34, 35, 85, 532, 122
1066: 2
2015: 17
270: 17
577: 2, 10
15: 13, 2
25: 17
301: 2, 10
232: 2, 10
652: 13, 160, 2
338: 2, 10
430: 13, 2
69: 2, 10
173: 17
839: 2, 10
360: 17
1340: 144, 17
36: 2, 10
1098: 144, 17
94: 17
1838: 17
246: 8, 2, 10
312: 2, 10
1033: 17
2676: 17
785: 17
81: 60, 113, 320, 2863, 446, 43, 3733, 176, 485, 399, 246, 1, 161, 232, 56, 2, 136, 1020, 217, 226, 288, 150, 139, 154, 2938, 160, 116, 717, 457, 53, 102, 29, 1060, 2826, 10, 82, 3505, 656, 35, 85, 532, 187
821: 17
408: 2, 64
1311: 13, 2, 116, 232
996: 17
469: 2, 10
878: 17
949: 17
5: 113, 1769, 320, 2863, 446, 762, 43, 376, 176, 485, 63, 399, 1372, 1, 161, 1031, 232, 2, 87, 1015, 1399, 683, 384, 1639, 136, 1020, 2587, 274, 568, 288, 977, 150, 139, 230, 226, 154, 6, 976, 160, 116, 53, 457, 102, 29, 630, 426, 1060, 474, 1840, 475, 2826, 10, 236, 127, 97, 50, 82, 1689, 2049, 1831, 77, 291, 1910, 540, 2187, 35, 85, 532, 1119, 187
273: 2, 274, 10
180: 144, 17
214: 144, 452, 17
675: 2, 10
204: 17
300: 2, 361, 10
60: 113, 2863, 446, 5, 63, 399, 1, 232, 56, 2, 136, 2986, 150, 139, 160, 116, 53, 457, 29, 2826, 10, 82, 1910, 656, 34, 35, 85, 532
341: 2, 274, 10
52: 56, 2, 116, 53, 85, 10, 4, 139, 1, 232
143: 144, 17, 1445
1740: 17
1822: 17
361: 2, 116, 53, 2604, 320, 85, 176, 10, 63, 139, 1, 232
135: 2, 10
63: 60, 160, 2, 64, 8
108: 13, 2
782: 17
98: 17
269: 17
607: 13, 2
1144: 144, 208, 17
679: 2, 10
66: 13, 2
667: 2, 10
875: 17
1666: 144, 17
1938: 1587, 144, 17
1783: 17
175: 56, 2, 116, 53, 2604, 1910, 320, 85, 176, 10, 63, 139, 1, 232
768: 2, 78, 10
890: 17
1531: 17
267: 2, 10
799: 13, 2, 116
831: 144, 17
156: 2
1298: 2, 10
656: 2, 10
1649: 17
549: 21, 2, 20
85: 8, 2, 10
1715: 17
208: 144, 1144, 17
236: 2, 78, 10
116: 60, 101, 81, 2, 8, 5, 10, 44
1435: 2, 10
314: 8, 2, 10
34: 60, 113, 1769, 320, 2863, 446, 43, 376, 176, 485, 63, 399, 1, 1031, 232, 2, 1015, 136, 1020, 274, 226, 288, 150, 139, 230, 154, 6, 160, 116, 53, 457, 102, 29, 630, 426, 569, 1060, 236, 1840, 475, 2826, 10, 643, 127, 50, 1689, 1831, 2049, 2688, 82, 77, 1178, 291, 1910, 540, 35, 2187, 85, 532, 1119, 187
252: 144, 17
1027: 17
673: 2, 10
122: 113, 1769, 320, 156, 2863, 446, 762, 843, 43, 376, 1732, 485, 63, 399, 1, 161, 1031, 232, 56, 2, 87, 1015, 1399, 384, 2627, 136, 1020, 2587, 274, 568, 288, 226, 150, 139, 230, 977, 154, 6, 160, 874, 717, 457, 880, 102, 29, 116, 53, 778, 426, 630, 1060, 236, 1840, 475, 2826, 10, 127, 97, 50, 1689, 82, 2049, 77, 291, 3765, 540, 35, 85, 532, 1119, 187
742: 13, 2
1890: 17
452: 144, 214, 17
1177: 17
1: 60, 160, 2, 34, 8, 122, 10, 263, 14
807: 144, 17
683: 2, 5, 274, 10, 710
1625: 17
829: 2, 274, 10
513: 2, 10
80: 17
923: 17
334: 2, 10
1100: 17
1572: 17
336: 320, 446, 2863, 13, 63, 399, 1, 232, 56, 2, 136, 150, 139, 116, 53, 457, 2826, 82, 2604, 1910, 35, 85, 532
859: 17
723: 2, 10
1567: 17
226: 2, 710, 64
316: 17
1059: 17
218: 2900, 2844, 2943, 320, 135, 446, 2863, 63, 399, 1, 232, 56, 2, 136, 300, 150, 139, 2907, 3221, 116, 717, 457, 53, 3149, 2826, 10, 2849, 82, 2604, 1910, 35, 85, 532
320: 2, 10
1232: 17
1316: 17
37: 13, 2
1650: 17
41: 1959, 2190, 320, 2863, 446, 843, 3489, 1842, 1614, 4, 63, 399, 1372, 924, 1, 232, 56, 2, 2205, 136, 150, 139, 2189, 2956, 976, 874, 1942, 457, 2426, 1638, 116, 53, 3547, 2860, 2826, 10, 1863, 801, 82, 1964, 803, 656, 1663, 131, 35, 2959, 2458, 85, 532, 2412
979: 2, 132, 10
709: 2, 710, 64
1070: 17
639: 2, 10
291: 2, 10
73: 863, 868, 317, 993, 493, 1858, 635, 1592, 483, 1547, 1899, 743, 1, 232, 56, 1412, 2, 1821, 181, 1606, 89, 1509, 539, 830, 279, 191, 1046, 1747, 139, 1155, 123, 1102, 116, 53, 1287, 1799, 352, 1496, 661, 594, 1309, 1776, 1979, 10, 852, 257, 1788, 1585, 1943, 850, 220, 1910, 1804, 1470, 85, 1755, 357, 1624, 2021, 1628, 1404, 722, 1725
776: 17
249: 2, 10
665: 144, 17, 1445
1416: 2, 20
3554: 96
939: 41, 4
2405: 41, 4
2799: 52
3841: 27
2372: 27, 96, 48
3989: 27
3978: 27
3018: 41, 4
3815: 27
345: 41, 4
1563: 27
3075: 4
3944: 27
3002: 96
968: 4
2081: 48, 41, 4
3064: 96
2802: 52
737: 41, 4
1187: 48, 41, 4
2970: 48
951: 41, 4
2629: 41, 4
3720: 48
3026: 27, 48
473: 96
2531: 52
2574: 52
26: 27
3767: 52
2044: 52
2509: 27
898: 52
2108: 48
4065: 27
2770: 52
1673: 52
2633: 52
2270: 27, 96, 48
3032: 41, 4
2386: 52
216: 48, 41, 4
311: 27
2096: 41, 4
1482: 52
3924: 48
1497: 4, 41, 48
545: 41, 4
3947: 48
3587: 27
508: 41, 4
2453: 27, 48
3501: 48
1256: 41, 4
1967: 41, 4
2829: 48
3457: 27, 96, 48
124: 52
2233: 27, 96, 48
1276: 41, 4
2739: 52
3876: 27
3987: 27
1815: 96
1522: 48
2158: 27
3758: 27
366: 41, 4
1402: 48
2222: 41, 4
3901: 48
2636: 48
4043: 27
322: 41, 4
1465: 41, 4
3124: 52
84: 27, 48
2980: 27, 48, 201, 943, 96
899: 41, 4
3682: 27
461: 27, 41, 4
716: 52
2254: 41, 4
2305: 27
1169: 41, 4
2558: 52
2691: 41, 4
412: 41, 4
1576: 27
2615: 96
2645: 96
3195: 27
561: 52
2699: 52
601: 41, 4
1315: 41, 4
2421: 41, 4
3907: 96
2577: 41, 4
2200: 27, 96
3134: 41, 4
1249: 41, 4
3859: 96
1872: 48
3480: 52
1893: 96
2107: 41, 4
1782: 41, 4
2833: 52
553: 48
3142: 27
4025: 48
2835: 48
765: 41, 4
3991: 48
482: 48
3974: 27
1131: 96
1617: 41, 4
2955: 27
3098: 27, 48
2838: 4
381: 41, 4
2184: 41, 4
3527: 27, 96
554: 21, 2051, 41, 4
3818: 52
1924: 27
2929: 27, 48
4010: 27
3973: 48
1675: 41, 4
4111: 27
846: 41, 4
4061: 96
2976: 48
2153: 27
2164: 48
289: 27, 41, 4
3851: 52
2507: 52
2024: 27
2125: 4, 41, 48
2419: 27
2898: 48
2893: 27, 96
2460: 27
1192: 41, 4
3504: 48
3772: 27, 48
3115: 201, 27, 96, 48
3766: 48
3354: 27
2014: 4, 41, 48
823: 27, 41, 4
2188: 27, 96, 48
3082: 96
1742: 41, 4
3594: 48
296: 41, 4
2166: 4, 41, 48
1220: 48, 41, 4
2967: 52
1562: 27, 96
2565: 27
2910: 48
3919: 96
3877: 27
791: 41, 4
2824: 48
4042: 27
1212: 41, 4
1570: 41, 4
1253: 41, 4
1527: 52
1141: 41, 4
3266: 48
929: 41, 4
1391: 41, 4
1243: 52
1282: 52
627: 41, 4
1337: 27, 48
233: 27, 41, 4
4098: 48
1145: 41, 4
3868: 96
1295: 96
1460: 41, 4
2343: 96
552: 21, 218, 41, 4
1405: 41, 4
3759: 96, 48
572: 27, 41, 4
2387: 4, 41, 48
1000: 41, 4
2369: 52
3956: 27
3071: 41, 4
2937: 27
3141: 27, 96
3160: 48
3257: 27, 96, 48
1786: 41, 4
3846: 48
3219: 96
1327: 41, 4
990: 48
2779: 41, 4
3046: 48
1474: 41, 4
418: 41, 4
919: 41, 4
1483: 27
1519: 41, 4
966: 21, 41, 4
4005: 27
2911: 27
2430: 27
573: 48
2644: 27
4116: 48
484: 41, 4
2947: 41, 4
3774: 27
2825: 27, 96
3842: 96
133: 48, 41, 4
2755: 52
2383: 8, 44, 41, 4
259: 41, 4
1933: 4, 41, 48
3857: 27
3041: 41, 4
3574: 4
2221: 27
2940: 27
1660: 48
1056: 52
3050: 48
3626: 27
2926: 48
4093: 96
1878: 96
550: 41, 4
3680: 27
3661: 96
2038: 48
3950: 48
3927: 201, 27, 96, 48
3424: 96
2618: 27
456: 41, 4
2023: 96
2985: 41, 4
1806: 27
2596: 41, 4
1613: 27, 96
2288: 41, 4
2063: 41, 4
3276: 27
3945: 48
2165: 41, 4
2942: 48
691: 27
2745: 41, 4
3611: 27
3039: 27
2332: 41, 4
2977: 27
1331: 41, 4
2204: 27
2859: 4, 41, 48
1147: 41, 4
4125: 27
2831: 52
3739: 48
3120: 48
646: 27, 48
367: 41, 4
3643: 48
2480: 48
1040: 27, 96
1227: 41, 4
2879: 48
2388: 52
579: 41, 4
2244: 41, 4
4044: 96
2591: 52
4083: 27
2035: 41, 4
2341: 27
3048: 48
2406: 52
2324: 48
3893: 96
2917: 41, 4
1953: 52
1914: 41, 4
3852: 27, 96
2275: 27
4079: 27
2987: 41, 4
3975: 48
95: 96
1394: 41, 4
2136: 52
2484: 48
1427: 52
3909: 48
684: 27
2560: 21, 4
2870: 4
2647: 48
2625: 27
448: 41, 4
2327: 4, 41, 48
1463: 27
1250: 41, 4
4108: 27
3802: 52
2868: 27, 96
3238: 52
2862: 48
2975: 48
2416: 48
3605: 96
981: 41, 4
2342: 52
2464: 52
518: 27
3856: 27
4122: 48
2218: 4
1866: 48, 41, 4
3819: 96
2666: 48
1161: 41, 4
1896: 41, 4
523: 27
1127: 41, 4
2962: 41, 4
2950: 27
3494: 48
1138: 41, 4
913: 41, 4
905: 4
2814: 48
3056: 27
2002: 41, 4
3581: 27
3263: 48
47: 48
2148: 48
2944: 27
4123: 48
562: 41, 4
584: 41, 4
3246: 48
2062: 27
423: 41, 4
2681: 41, 4
196: 41, 4
2847: 27, 48
1662: 41, 4
2273: 41, 4
504: 41, 4
960: 41, 4
2011: 81, 41, 4
1193: 27, 96, 48
2999: 48
4086: 96
2440: 41, 4
2217: 41, 4
3873: 27
2026: 96
1711: 48
4034: 27
200: 27, 48, 201, 943, 96, 52
224: 218, 41, 21, 4
3664: 27
1620: 52
2608: 27, 48, 201, 943, 96, 52
3995: 27
872: 41, 4
560: 27
3622: 48
1080: 41, 4
575: 48
741: 41, 4
4074: 48
507: 48
541: 41, 4
1903: 48
3356: 27, 48
2420: 41, 4
2939: 27
2872: 27
2050: 41, 4
847: 41, 4
3403: 27
3996: 48
2313: 52
4036: 96
1962: 41, 4
4110: 48
1362: 41, 4
1551: 48
547: 41, 4
3302: 27
1129: 41, 4
3059: 4
1194: 41, 4
272: 52
1784: 41, 4
3069: 96
1219: 41, 4
2969: 27
3296: 48
849: 41, 4
1873: 52
1009: 27, 48
4056: 48
1278: 41, 4
1166: 41, 20, 4
987: 52
2869: 27, 96
2231: 27, 52
2037: 41, 4
1678: 41, 4
1280: 52
3284: 48
3990: 27
2003: 52
54: 4
1361: 27
295: 41, 4
49: 41, 4
3203: 48
3826: 27, 96
2109: 41, 4
2945: 27
3673: 52
2088: 41, 4
2040: 48
221: 52
3620: 96
2600: 96
2028: 4
4102: 96
4070: 27
4090: 96
3783: 27
1324: 41, 4
2941: 96
4006: 48
3941: 48
1520: 52
3061: 48
3565: 27
1746: 41, 4
2192: 27, 48, 201, 943, 96, 52
2669: 96
2997: 27
2706: 27
2048: 41, 4
129: 41, 4
2431: 41, 4
237: 27
2110: 41, 4
2214: 48
3977: 48
1036: 52
3047: 48
522: 41, 4
3825: 27
2841: 4
3319: 48
2219: 41, 4
2435: 48, 41, 4
3955: 96
3003: 27
618: 96
2952: 27
3817: 48
3853: 27, 96
797: 48
3029: 48
1030: 41, 4
3625: 52
3080: 27
1185: 41, 4
707: 41, 4
3076: 27
3838: 27
586: 41, 4
2298: 41, 4
332: 41, 4
1389: 27
3635: 27
728: 27, 96
2866: 27
2905: 41, 4
2995: 27
2211: 27
4016: 27
1114: 27, 96
2216: 41, 4
1180: 52
1565: 52
580: 41, 4
3042: 48
3900: 48
593: 27, 96, 48
2915: 27
3800: 48
342: 41, 4
1829: 41, 4
3805: 27
813: 41, 4
3016: 41, 4
2098: 96
4035: 96
2116: 27
2589: 52
1627: 41, 4
3040: 48
1516: 41, 4
3809: 27, 96
4064: 48
1785: 4
3762: 48
4095: 48
2726: 41, 4
3913: 27
3213: 27
4063: 27
167: 96
2867: 27
1052: 41, 4
755: 27
1554: 27
2856: 52
2133: 52
3860: 48
1371: 41, 4
4008: 48
2901: 48
1139: 41, 4
3983: 27
2949: 27, 96
3559: 96
2542: 27, 41, 4
1173: 4, 41, 48
2881: 96
3066: 27
940: 48
4084: 27
1750: 41, 4
369: 27, 96
1795: 41, 4
1344: 41, 4
3763: 48
303: 41, 48
3383: 96
1891: 96
1883: 41, 4
492: 41, 4
2874: 48
4105: 48
444: 41, 4
1254: 41, 4
2951: 27
845: 41, 4
1064: 27, 96, 48
747: 41, 4
2438: 41, 4
2289: 41, 4
396: 27, 96
578: 41, 4
4081: 27
3748: 48
1387: 27
137: 41, 4
1512: 41, 4
1767: 27
2852: 52
2855: 27
3038: 48
756: 41, 4
1095: 48
4120: 96
2473: 27
1252: 41, 4
2524: 27
2789: 48
3478: 96
1383: 41, 4
309: 41, 4
3844: 27
2471: 48
4015: 96
2130: 41, 4
3738: 27
2984: 48
1996: 41, 4
1615: 27
2131: 48
2407: 27
669: 41, 4
2568: 48
2696: 4
403: 41, 4
4062: 48
1004: 41, 4
2876: 27, 96
310: 41, 4
3389: 48
1636: 41, 4
2056: 96
1686: 52
3077: 27
1063: 41, 4
1721: 41, 4
3155: 27, 96
3070: 4
3045: 96
3789: 48
3004: 41, 4
3054: 48
941: 41, 4
2928: 41, 4
2047: 96
4054: 27
3052: 41, 4
2817: 27
3936: 48
158: 96
1043: 41, 4
3902: 48
2008: 52
1817: 41, 4
3186: 96
4060: 96
2120: 27
4012: 52
1680: 41, 4
1553: 41, 4
2934: 27
2736: 27
2803: 27
118: 4, 41, 48
447: 52
3079: 96
3985: 27
3808: 48
2873: 96, 48
3874: 27, 48
2396: 27
2834: 27
3937: 27
1490: 27
2958: 41, 4
76: 41, 4
3020: 27
2159: 41, 4
3012: 27, 96
2924: 27
2197: 27
2877: 27
2968: 27
826: 41, 4
871: 27
1489: 48
2960: 27
548: 41, 4
2622: 41, 4
2228: 48
833: 41, 4
185: 41, 4
3934: 27
4094: 96
486: 96
2878: 27
2978: 27
524: 41, 4
3723: 48
2260: 27
382: 27
2082: 48
2271: 52
2845: 41, 4
2058: 41, 4
3571: 96, 48
1525: 41, 4
2245: 41, 4
2762: 27
2592: 41, 4
2544: 27, 48
3013: 48
2101: 41, 4
3476: 41, 4
2581: 27
1208: 48, 41, 4
2064: 52
1729: 96
2988: 27
840: 41, 4
2463: 4, 41, 48
3102: 27
2543: 27
2787: 41, 4
3084: 52
1077: 41, 4
2018: 41, 4
3058: 48
3885: 27
2920: 48
1381: 41, 4
1752: 41, 4
4041: 48
2330: 48
2848: 27, 48
621: 48
4030: 41, 4
390: 41, 4
903: 52
3794: 48
649: 41, 4
2242: 27
126: 41, 4
454: 41, 4
3754: 27
2719: 48
3931: 96
1486: 41, 4
4088: 48
2092: 48
2759: 48
2126: 41, 4
2775: 52
3145: 96
1214: 41, 4
1094: 48, 41, 4
790: 27
2039: 4, 41, 218
4119: 27
238: 41, 4
3848: 96
2963: 27, 96
1749: 52
198: 41, 4
2485: 48
2483: 52
2261: 96
1182: 41, 4
2974: 27
3804: 96
278: 41, 4
3896: 48
515: 41, 4
2162: 4
3249: 48
882: 52
2449: 48
2470: 41, 4
353: 41, 4
983: 27
3958: 48
2953: 27
2981: 48
1931: 41, 4
3850: 27
2857: 27
3866: 48
3790: 27
1188: 48
1021: 41, 4
465: 27
2764: 27
3932: 48
2374: 41, 4
2832: 41, 4
2632: 27, 41, 4
2704: 48
255: 52
145: 48
3560: 27
182: 41, 4
397: 41, 4
2091: 41, 4
120: 27
2424: 41, 4
3898: 48
1775: 96
2268: 41, 4
2992: 27
1641: 27
2743: 48
3308: 48
2114: 41, 4
2139: 41, 4
3743: 48
3067: 27
2821: 27
534: 27
3969: 96
3274: 27
3880: 48
1058: 48
2889: 27
2923: 96
2394: 4, 41, 48
2135: 48
2842: 27, 48
4085: 96
109: 4
2654: 96
3999: 48
1388: 27, 96
2936: 27
2883: 27
253: 27
2321: 41, 4
1401: 41, 4
3780: 27
861: 81, 41, 4
2503: 41, 4
1758: 27
2661: 48
2839: 4
3396: 4
2885: 96
542: 41, 4
3033: 48
2398: 48
3024: 52
4104: 27
2624: 48
2069: 41, 4
2134: 27
1022: 48
931: 41, 4
1797: 41, 4
2823: 48
3083: 96
2115: 27, 41, 4
2093: 41, 4
2983: 27
415: 27
2921: 52
3908: 96
1609: 96
4026: 52
125: 41, 4
1748: 27
2370: 27
3697: 96
388: 41, 4
3839: 96
3292: 27
3176: 48
449: 41, 4
751: 41, 4
1955: 52
1716: 41, 4
2208: 48
177: 41, 4
2017: 41, 4
193: 41, 4
3451: 27
4021: 48
2149: 27
2380: 41, 4
1326: 41, 4
1884: 27
736: 41, 4
2070: 27
3021: 96
3869: 48
1800: 27
3926: 48
3960: 27
429: 96
1236: 41, 4
3768: 96
2737: 41, 4
3953: 27
3114: 48
3206: 48
321: 52
2296: 48
2887: 41, 4
1024: 48, 41, 4
4075: 27
1411: 27, 96
3492: 96
4020: 27
1357: 41, 4
247: 52
2671: 48
3984: 48
1026: 41, 4
2269: 48
1117: 41, 4
984: 52
2897: 60, 160, 81, 4
4103: 27, 48
222: 48
761: 41, 122, 4
2946: 21, 4
2086: 41, 4
1846: 52
1310: 41, 4
3051: 96
1289: 41, 4
1008: 41, 4
2694: 41, 4
333: 48
378: 4, 41, 48
3007: 96
1240: 48, 41, 4
3871: 96
536: 27, 96, 48
164: 41, 4
2171: 52
3912: 27, 48
4019: 48
152: 41, 4
3272: 27, 48
818: 52
1408: 41, 4
3062: 48
4078: 48
1524: 27, 52
591: 41, 4
3865: 96
3964: 48
3814: 27, 96
3180: 48
535: 41, 4
703: 41, 4
959: 27
1805: 48
3623: 4
1948: 41, 4
2180: 52
2619: 41, 4
3957: 27, 96
1284: 27
2679: 41, 4
619: 27
277: 41, 4
1108: 41, 4
3888: 48
1916: 41, 4
297: 27
3760: 52
2925: 52
3548: 4
3555: 48
262: 41, 4
2362: 48
1113: 48
947: 41, 4
3260: 27
225: 27
3935: 48
1881: 27
2175: 4
3827: 48
1088: 41, 4
2441: 27
2043: 52
1954: 48
2563: 27
4023: 48
4048: 52
3976: 27
3454: 48
2252: 41, 4
3889: 96
3806: 48
3670: 48
72: 41, 4
2041: 27
2930: 48
401: 41, 4
1376: 52
3068: 27
3014: 27
3008: 8, 41, 4
1526: 48
1306: 27
2152: 41, 4
625: 41, 4
4109: 27
3073: 48
3563: 27
1314: 27
3282: 96
2089: 218, 41, 21, 4
2689: 27
3715: 27
1272: 27, 96
3834: 48
51: 41, 4
3938: 48
1995: 52
3000: 48
3190: 48
4117: 27
1487: 48
1905: 41, 4
2328: 4
2888: 27
3036: 96
2894: 52
512: 27
3954: 27
2904: 41, 4
373: 96
2534: 52
1860: 27
212: 41, 4
2902: 48
2729: 41, 4
3828: 48
1328: 41, 4
2295: 52
2030: 41, 4
3786: 48
3303: 96
2785: 52
2687: 52
3940: 52
2280: 41, 4
975: 27, 48
2067: 52
3773: 96
2478: 27
30: 41, 4
1106: 27, 48
2783: 52
1392: 41, 4
215: 41, 4
3072: 48
419: 41, 4
4050: 27
2891: 27
695: 48
887: 41, 4
3154: 27
936: 41, 4
701: 8, 41, 4
3943: 96
1610: 27
1691: 41, 4
2684: 27
531: 41, 4
2861: 27
2916: 27
3399: 201, 48
3659: 4
3959: 27
1503: 41, 4
1603: 27
365: 96
2334: 96
1215: 41, 4
4073: 48
2068: 52
1757: 41, 4
4082: 96
1400: 41, 4
7: 41, 4
842: 27, 96
2027: 96
3198: 27
4113: 48
3078: 41, 4
1128: 52
3986: 27
245: 41, 4
1528: 41, 4
1291: 27
3053: 52
2147: 41, 4
4055: 27
2965: 96
1642: 96
2417: 48
1333: 41, 4
629: 41, 4
4124: 48
3015: 96
3242: 48
1221: 41, 4
503: 48
3253: 943
2846: 4, 41, 218
3333: 48
4069: 27
3920: 27
1874: 27
2482: 48
3475: 41, 4
3044: 48
4028: 27
838: 41, 4
1078: 27, 96
3881: 48
4018: 27
2701: 96
3923: 48
159: 41, 4
917: 41, 4
3387: 48
2964: 27
658: 41, 4
313: 96
2864: 41, 4
4072: 48
33: 13, 81, 41, 4
2954: 27
3085: 48
3043: 96
1851: 8
1247: 41, 4
421: 41, 4
42: 41, 4
3121: 48
2996: 943
363: 41, 4
4014: 27
2520: 27, 96
2078: 27
3785: 27, 96
1375: 41, 4
1480: 41, 4
2648: 48
3812: 27
4040: 27
2194: 27
3775: 27
805: 41, 4
2850: 27
3651: 48
1892: 41, 4
2034: 41, 4
398: 41, 4
2993: 27
3801: 27
1307: 41, 4
2909: 27
3821: 27
427: 41, 4
407: 41, 4
4067: 27, 96
1123: 41, 4
4058: 48
2281: 52
2808: 27
1186: 52
3037: 96
1539: 52
3174: 48
2118: 41, 4
2919: 27
1151: 41, 4
1420: 27
2539: 27
792: 48
3925: 96
3019: 27
2728: 27
1657: 41, 4
1556: 52
3782: 96
3674: 48
3928: 96
1727: 52
2606: 48
3861: 27
1915: 48
1908: 27
111: 27
3981: 27
2982: 48
1559: 27
1042: 27
2450: 41, 4
3482: 96
731: 41, 4
3595: 41, 4
1464: 41, 4
1476: 27
2247: 41, 4
2652: 48
3813: 48
3836: 96
1939: 27
3916: 48
1136: 41, 4
750: 41, 4
3270: 21, 41, 4
4100: 96
2032: 41, 4
892: 41, 4
3544: 48
4097: 48
4106: 27
4121: 48
1653: 48
2230: 27
1632: 48
4000: 27
3539: 48
3899: 201
2224: 41, 4
4037: 27
525: 41, 4
1143: 52
445: 21, 943, 41, 4
3867: 48
4029: 48
2084: 41, 4
2903: 48
2498: 52
2906: 27, 96
4004: 48
1992: 52
705: 41, 4
1542: 96
2990: 41, 4
199: 41, 4
4047: 48
3870: 48
895: 48
3171: 48
571: 48
2504: 41, 4
502: 41, 4
3132: 96
4013: 96
916: 48
1703: 41, 4
1753: 52
998: 27
3010: 27
505: 41, 4
1568: 27
2663: 27
2705: 41, 4
3837: 27
2437: 48
4045: 48
2752: 52
3532: 48
3894: 27
2142: 27
2994: 48
387: 41, 4
1110: 48
3293: 48
2181: 41, 4
2913: 52
2683: 27
2973: 201
1356: 52
2290: 27
3788: 27
2191: 27
2113: 41, 4
2571: 52
1607: 52
858: 41, 4
3104: 48
1616: 41, 4
2376: 52
2145: 27
1672: 27
3823: 48
3057: 4
991: 41, 4
3829: 48
3952: 27
2668: 41, 4
2033: 41, 4
2042: 4
1491: 52
1016: 41, 4
2761: 48
2025: 27
1566: 4
4087: 27
622: 41, 4
2603: 96
4027: 27
2741: 27
3666: 48
3886: 27
3031: 41, 4
2912: 27
1977: 27
2523: 96
3831: 27
4003: 48
1035: 27
1550: 41, 4
2308: 41, 4
2373: 27
2367: 52
3212: 96
2586: 52
1167: 41, 4
1384: 48
2161: 41, 4
4024: 48
3747: 27
1658: 41, 4
2291: 52
3305: 27
4112: 27
2516: 48
1970: 41, 4
3685: 48
3325: 48
1898: 27
414: 27
1965: 27
511: 41, 4
3904: 52
3933: 96
2100: 52
4092: 48
2914: 21, 4
3966: 27
1366: 41, 4
946: 81, 41, 4
464: 41, 4
89: 73, 41, 4
3216: 96
3063: 41, 4
2553: 52
1133: 41, 4
3: 41, 4
1072: 41, 4
4107: 48
3903: 27
2966: 48
2892: 48
2140: 41, 4
1041: 41, 4
2354: 52
3365: 27
2630: 27
721: 41, 4
2029: 96
4114: 52
4096: 48
796: 27
3854: 96
2103: 41, 4
4089: 96
4101: 27
4057: 27
4052: 96
2304: 48
2016: 41, 4
1744: 41, 4
3807: 27
529: 41, 4
2445: 96
3735: 96
3791: 27
708: 41, 4
1888: 48
2769: 48
3023: 96
1885: 48
11: 41, 4
3784: 27
3967: 48
2099: 41, 4
2763: 96
1245: 41, 4
1352: 27, 96
192: 41, 4
3237: 48
1505: 41, 4
2715: 48
1983: 41, 4
3034: 201
2717: 41, 4
1921: 41, 4
3917: 96
3963: 41, 4
2871: 27
1583: 52
2487: 27
514: 41, 4
4071: 27
3951: 96
3267: 41, 4
1911: 48
3009: 48
470: 41, 4
2837: 27
3109: 48
10: 60, 101, 81, 132, 34, 8, 73, 218, 122, 5, 41, 175, 52, 361
13: 307, 799, 1311, 336, 510, 263, 14, 44
630: 101, 34, 5, 122, 10
64: 78
771: 10
734: 10
1461: 10
20: 21
40: 8
157: 60, 160
557: 60, 160
356: 60, 160
876: 8
318: 8
638: 8
480: 8
1089: 8
92: 8
90: 8
1875: 8
517: 8
436: 8
1558: 8
1488: 8
932: 8
151: 8
1206: 8
489: 8
1317: 8
147: 8
574: 8
2004: 8
1183: 8
2010: 8
1285: 8
1386: 8
824: 8
1813: 8
648: 8
802: 8
1288: 8
298: 8
866: 41
598: 41
2105: 41
1674: 41
1363: 41
3452: 41
2481: 41
1414: 41
1718: 41
1454: 41
2117: 41
2201: 41
2880: 41
3918: 41
2547: 41
3196: 41
794: 41
1159: 41
642: 41
2060: 41
141: 41
2253: 41
1485: 41
2530: 41
963: 41
2364: 41
1462: 41
1204: 41
1535: 41
2933: 41
822: 41
1122: 41
3779: 41
2567: 41
2790: 41
1739: 41
2248: 41
600: 41
715: 41
2286: 41
1968: 41
2510: 41
1515: 41
2616: 41
2331: 41
261: 41
2479: 41
2899: 27
2156: 27, 96
2798: 943, 96
2241: 48
1466: 48
942: 27, 48, 201, 943, 96
3771: 27
1743: 201
2875: 27
3030: 27, 48
3811: 27
3255: 27
928: 27
1456: 201, 27, 96
3895: 27
3330: 96
2754: 27
3706: 27
2794: 27
3719: 27
623: 96
3025: 96
2425: 96
2971: 201
3540: 48
4115: 27
3948: 201, 27, 96, 48
3111: 27
3797: 201
3993: 48
3884: 27
3946: 96
1976: 27
3847: 27
3135: 201
3891: 96
3732: 943
3872: 201, 27, 943, 96
1216: 27
3368: 96
3822: 27
3962: 48
3988: 96
3582: 27, 96
2066: 27, 48
3001: 27
1198: 27
2697: 27
115: 27
2858: 48
3921: 27
3803: 48
2414: 27
3432: 27
3835: 96
4126: 27
2935: 48
1433: 27
2998: 48
2830: 27, 48, 201, 943, 96
3028: 27
3156: 96
1867: 27
2264: 27
2742: 27
4099: 27
3761: 27
3502: 943
3604: 27
4002: 96
1518: 27
3910: 27
3863: 27
3879: 48
3418: 27
275: 27
3949: 48
3858: 27
2890: 27
1283: 96
2908: 943
948: 48
4039: 96
2828: 27
4066: 201, 27
3027: 27
3820: 27
2329: 48
606: 27
3781: 48
1602: 48
2428: 27
3971: 943
3887: 27
2678: 27, 48, 201, 943, 96
1949: 96
2677: 27
3751: 27
3833: 96
3636: 48
2129: 96
4022: 27
2782: 943
3883: 943
3770: 27
2836: 27
2989: 27
2991: 27
3187: 27
3832: 27
2315: 943
1244: 27
1868: 48
2022: 96
1768: 27
2957: 27
1812: 27
4049: 27
3035: 27
3065: 27
4091: 27
2400: 96
2884: 27
1989: 96
3049: 201
1082: 943
2896: 27
2827: 27
834: 96
1397: 96
3500: 96
3878: 27
3408: 27
3006: 27
2455: 27, 96
1261: 943
3778: 27
2094: 201
3707: 27
2446: 27
3513: 27
1580: 48
1211: 27
3528: 27
3980: 27
3324: 27
3686: 48
3630: 27
3105: 27
1534: 27
4051: 96
744: 27
2714: 27
3214: 27
3793: 96
2075: 27
2882: 27
3855: 201
3462: 96
3558: 27
3250: 27
3170: 201
2931: 48
1571: 201
1451: 27
3081: 48
4033: 27
3286: 27
2865: 96
1325: 48
3787: 27
3798: 27
1961: 27
2979: 48
4017: 96
2961: 27
3982: 96
2853: 27
2807: 48
2651: 48
3385: 48
2895: 27
2057: 27
3570: 27
3830: 27
3245: 27
3914: 27
2395: 96
3205: 27
3344: 96
2948: 27
2922: 201
3864: 27
3074: 201
3906: 27
3845: 48
4046: 96
4009: 48
4007: 96
171: 27
2582: 27
2193: 96
3112: 27
3005: 48
3795: 27
3840: 27
3875: 27
2765: 48
2345: 96
2682: 27
2918: 27
3179: 943
3972: 48
881: 27
3301: 27, 48
3405: 27
3810: 27
1049: 27
1338: 96
1350: 943
3602: 27
3799: 27
2104: 27
3930: 48
3890: 27
1540: 27
3055: 48
3911: 201
3590: 48
3997: 201
3728: 27
2735: 27
2886: 48
3677: 27
2605: 27
3662: 96
2363: 48
2851: 48
3022: 96
783: 27, 48
610: 27
2972: 27
2588: 27
3792: 27
3764: 27
4031: 27
2306: 27
735: 48
2257: 96
3244: 27
3515: 943
563: 27
2513: 943
2138: 48
2843: 27
3777: 27
1912: 27
3968: 27
1623: 943
3769: 48
4011: 27
3915: 48
3164: 27
3654: 27
3970: 943
4038: 96
4080: 27
2234: 27
2433: 44
2927: 44
2316: 44
1677: 44
1932: 44
2566: 44
971: 44
2702: 44
2418: 44
1731: 44
1864: 44
79: 44
645: 8
1448: 8
1472: 8
428: 8
1510: 8
1413: 8
641: 8
409: 8
567: 78
453: 8, 78
727: 78
477: 78
77: 8, 78
87: 78
154: 78
127: 78
893: 101
174: 5
1303: 5
1809: 34
205: 122
1262: 101
1947: 101
2009: 5
1231: 122
206: 5
1013: 34
1330: 101
867: 60, 101
604: 101
1622: 5
810: 101
1701: 101
955: 34
1099: 60, 160, 34
1925: 122
1396: 5
354: 122
595: 5
1501: 34
28: 5
1209: 34
458: 34
162: 34
558: 122
248: 122
1444: 34
1226: 34
1694: 122
179: 101
1079: 5
1068: 122
678: 101
1341: 122
1458: 34
1304: 122
368: 101
1152: 5
1951: 34
1320: 34
587: 5
1354: 34
1647: 122
1688: 5
1880: 5
1457: 122
774: 5
1733: 101
844: 122
718: 101
410: 5
1999: 101
183: 101
329: 122
1380: 5
266: 122
1297: 122
497: 101
1794: 34
500: 5
590: 60, 122
1552: 122
809: 34
402: 34
140: 34
285: 101
1830: 34
999: 101
103: 101
1861: 34
938: 122
1723: 5
582: 101
884: 122
973: 101
1770: 5
1263: 34
749: 34
851: 160, 5
1823: 122
1590: 60, 160, 5
468: 5
323: 60, 101
346: 34
1121: 5
1257: 122
1564: 101
1029: 101
828: 122
687: 5
1502: 101
1850: 34
896: 101
614: 122
944: 34
315: 5
994: 101
592: 34
325: 122
1200: 34
1213: 5
1120: 34
657: 5
1985: 34
121: 122
1682: 101
808: 34
1329: 34
1429: 122
148: 101
918: 34
268: 122
1377: 5
795: 34
1073: 101
386: 5
1055: 5
1067: 34
1424: 101
134: 122
1426: 5
1406: 101
1684: 122
694: 5
855: 34
425: 5
467: 101
605: 122
178: 34
787: 34
1345: 101
900: 122
1302: 101
745: 5
395: 101
1385: 5
441: 5
2012: 122
730: 5
1853: 122
1886: 122
891: 122
925: 34
1228: 101
450: 122
1156: 5
992: 8
1600: 8
55: 8
1048: 8
280: 8
2001: 8
290: 8
758: 8
719: 8
739: 8
1735: 8
1671: 8
2495: 8
340: 8
88: 8
759: 8
404: 8
1730: 8
1793: 8
1745: 8
680: 8
61: 8
2020: 8
3060: 8
1101: 8
616: 8
498: 8
816: 8
1555: 8
1137: 8
1717: 8
1076: 8
476: 8
3568: 8
22: 8
274: 101, 5, 122, 34
775: 73
640: 8
1700: 8
1445: 665
