1975: 17
17: 1975, 1587, 659, 1833, 91, 1044, 250, 1164, 16, 1010, 57, 740, 1239, 462, 920, 2508, 406, 1862, 1946, 3463, 1135, 1279, 271, 788, 168, 1569, 2015, 270, 25, 173, 360, 1340, 1098, 94, 1838, 1033, 2676, 785, 821, 996, 878, 949, 180, 214, 204, 143, 1740, 1822, 782, 98, 269, 1144, 875, 1666, 1938, 1783, 890, 1531, 831, 1649, 1715, 208, 252, 1027, 1890, 452, 1177, 807, 1625, 80, 923, 1100, 1572, 859, 1567, 316, 1059, 1232, 1316, 1650, 1070, 776, 665
1587: 17, 144, 1938
1012: 2, 8, 10
2: 1012, 251, 636, 101, 302, 540, 78, 263, 203, 510, 254, 8, 14, 44, 1368, 132, 24, 1504, 1218, 128, 1083, 307, 21, 149, 485, 1431, 160, 1066, 577, 15, 301, 232, 652, 338, 430, 69, 839, 36, 246, 312, 81, 408, 1311, 469, 5, 273, 675, 300, 60, 341, 52, 361, 135, 63, 108, 607, 679, 66, 667, 175, 768, 267, 799, 156, 1298, 656, 549, 85, 236, 116, 1435, 314, 34, 673, 122, 742, 1, 683, 829, 513, 334, 336, 723, 226, 218, 320, 37, 41, 979, 709, 639, 291, 73, 249, 1416
251: 2, 8, 10
636: 2, 8, 10
101: 2, 1015, 532, 139, 568, 1639, 288, 82, 2826, 1060, 136, 1399, 230, 376, 150, 35, 113, 1020, 29, 1831, 426, 399, 187, 2863, 446, 102, 1769, 457, 8, 10, 485, 116, 160, 1, 232, 43, 475, 474, 1910, 3862, 156, 85, 56, 53, 236, 127, 226, 154, 540, 77, 1057, 63, 893, 1262, 1947, 1330, 867, 604, 810, 1701, 179, 678, 368, 1733, 718, 1999, 183, 497, 285, 999, 103, 582, 973, 323, 1564, 1029, 1502, 896, 994, 1682, 148, 1073, 1424, 1406, 467, 1345, 1302, 395, 1228, 274, 300, 320, 50, 630, 291
302: 2, 8, 10
659: 17
1833: 17
540: 2, 8, 10, 5, 34, 122, 101
91: 17
78: 2, 139, 8, 64, 236, 63, 232, 1910, 1, 56, 85, 53, 567, 453, 727, 477, 77, 87, 154, 127, 768
1044: 17
263: 2, 3177, 2190, 139, 113, 29, 1831, 8, 13, 1, 232, 717, 85, 116, 56, 53, 63, 320
203: 2, 8, 10
250: 17, 144
1164: 17
510: 2, 8, 13, 116, 232
16: 17
254: 2, 8, 10
1010: 17, 144
57: 17
740: 17, 144
1239: 17
462: 17, 144
920: 17
8: 2, 195, 242, 532, 3892, 3796, 945, 139, 1251, 1710, 1844, 1588, 766, 3905, 1047, 451, 82, 2826, 1258, 1699, 912, 1417, 433, 136, 422, 150, 35, 3345, 1819, 1437, 1374, 2338, 3776, 682, 1792, 2383, 399, 457, 3824, 3849, 701, 1264, 2863, 1851, 3897, 1828, 1700, 446, 2190, 3816, 1832, 1577, 1593, 2251, 2641, 764, 639, 3247, 2179, 3431, 2184, 3327, 3676, 1635, 1514, 533, 775, 50, 2496, 1416, 1166, 1370, 1934, 985, 2664, 3487, 1241, 2265, 3425, 589, 607, 3718, 430, 3202, 96, 3130, 320, 600, 55, 3597, 1220, 1763, 830, 1549, 893, 162, 3108, 370, 119, 2005, 856, 1446, 1739, 3182, 1545, 1596, 1500, 2732, 3465, 674, 3189, 1365, 2703, 3415, 2593, 4032, 1127, 3110, 581, 1439, 1688, 65, 1525, 1917, 2716, 2254, 864, 1278, 631, 1464, 2554, 1323, 1235, 2081, 1208, 238, 2435, 666, 3511, 1007, 738, 1637, 3569, 2028, 737, 578, 3226, 3341, 952, 371, 2537, 3708, 263, 2564, 579, 183, 2424, 1668, 3483, 74, 277, 191, 3256, 2679, 1386, 1467, 3390, 2301, 2662, 543, 1816, 3575, 930, 3479, 3596, 3998, 2232, 201, 3646, 995, 3609, 1523, 1621, 863, 380, 165, 1116, 2786, 3119, 2410, 71, 1742, 2127, 1214, 848, 3271, 1744, 3564, 66, 1152, 1296, 2518, 1530, 3717, 2801, 3507, 75, 2141, 3459, 1209, 4076, 435, 2766, 1339, 3606, 3471, 826, 2333, 671, 290, 609, 1825, 628, 114, 854, 1169, 52, 2810, 774, 77, 2109, 3687, 1380, 389, 1980, 443, 1345, 179, 1406, 2169, 1950, 476, 361, 2753, 1777, 3618, 3374, 3725, 1969, 1606, 1926, 3574, 1435, 1132, 2140, 1968, 1155, 727, 2394, 463, 3126, 1866, 1675, 3093, 1827, 2183, 3315, 1690, 1731, 3627, 2097, 1760, 3436, 2468, 1130, 1676, 1159, 2501, 1692, 700, 1947, 3503, 1765, 2185, 2278, 2750, 3223, 299, 3353, 1090, 3613, 3313, 798, 3394, 3261, 383, 2085, 3414, 1369, 3634, 1351, 2167, 3322, 1436, 2101, 3734, 687, 3185, 2839, 385, 1784, 3524, 3656, 1516, 2685, 3122, 3584, 3423, 1315, 3378, 1848, 2151, 58, 3393, 3041, 140, 2494, 3429, 298, 1974, 731, 658, 3580, 934, 3721, 2213, 330, 802, 1887, 2780, 2859, 138, 1681, 1985, 3388, 2350, 103, 548, 206, 1108, 3512, 3410, 905, 2815, 3543, 860, 1460, 793, 1626, 1158, 653, 2635, 3401, 2274, 819, 2540, 804, 1148, 989, 306, 979, 1210, 2250, 1354, 3497, 3467, 1107, 1145, 459, 3536, 3614, 3337, 1721, 2562, 2646, 3329, 3701, 702, 1790, 594, 105, 1256, 475, 2607, 2438, 1246, 555, 2546, 1274, 706, 3506, 902, 9, 2300, 3579, 915, 1682, 2114, 1919, 2209, 2727, 1719, 1224, 3285, 3089, 174, 300, 402, 410, 3438, 806, 1422, 2429, 1395, 556, 2712, 3750, 1757, 1875, 894, 1089, 1631, 3298, 3334, 2272, 1683, 427, 528, 2277, 3603, 2700, 33, 3136, 724, 566, 308, 988, 509, 3279, 908, 676, 1781, 3608, 620, 1271, 2374, 1091, 3281, 340, 1454, 1990, 759, 3533, 2113, 3650, 334, 3092, 3317, 551, 2506, 3493, 1000, 353, 393, 911, 2626, 24, 31, 2256, 175, 963, 557, 3075, 2048, 1375, 873, 652, 1633, 3461, 2555, 2036, 3377, 1870, 2629, 283, 1920, 1574, 2331, 3335, 1309, 2258, 564, 3363, 154, 2302, 2409, 2470, 2598, 1371, 3382, 2004, 3362, 1705, 1327, 2293, 1612, 1575, 833, 1849, 2002, 2079, 2573, 773, 761, 3703, 1248, 3210, 1453, 1016, 1647, 1716, 3695, 1313, 2177, 2154, 521, 1634, 726, 1441, 1701, 2351, 3573, 339, 3578, 1680, 897, 629, 2377, 2720, 3440, 209, 3713, 746, 2522, 3702, 817, 1774, 2253, 3309, 2675, 1266, 604, 1503, 858, 811, 3567, 1424, 3107, 1344, 3481, 2463, 40, 3419, 397, 2348, 2656, 1353, 602, 2009, 1191, 301, 2122, 3352, 3722, 1811, 2418, 3148, 2439, 2016, 2609, 468, 2299, 2217, 2339, 3146, 2526, 1263, 3336, 712, 1788, 2123, 3166, 2368, 586, 249, 2408, 1455, 3624, 3183, 1552, 2126, 3632, 3617, 1250, 464, 2037, 2499, 379, 1195, 2542, 1400, 733, 2144, 3433, 3688, 627, 2442, 1845, 357, 72, 1318, 3178, 520, 1024, 601, 1249, 3194, 531, 3421, 828, 2818, 1905, 1071, 1364, 960, 1449, 1713, 1814, 2452, 3222, 2632, 1933, 1287, 2990, 1038, 470, 3526, 2366, 3391, 153, 1555, 2525, 1196, 1841, 1877, 2491, 742, 3290, 3380, 1519, 223, 832, 1962, 941, 3474, 753, 1799, 1922, 2080, 2399, 1608, 1998, 3882, 1142, 2545, 1165, 1581, 3727, 1591, 3416, 155, 78, 1714, 749, 2504, 2947, 689, 3367, 2674, 3328, 637, 1854, 3736, 1925, 3326, 2809, 2337, 2512, 163, 2490, 2054, 3397, 1207, 599, 341, 2090, 765, 1083, 1297, 1759, 3312, 258, 2620, 1069, 280, 232, 3404, 2596, 1300, 1986, 1134, 3583, 3167, 2431, 1133, 3113, 2356, 1852, 2327, 2724, 1871, 2312, 3649, 2705, 3696, 455, 2413, 2014, 2819, 1771, 2323, 1163, 185, 1594, 2240, 218, 3231, 1190, 88, 1478, 1745, 2461, 1125, 511, 1869, 3209, 292, 87, 725, 2489, 1023, 3373, 2657, 1151, 613, 1230, 2561, 3549, 1865, 409, 901, 1425, 2528, 1236, 73, 2124, 1579, 359, 713, 1222, 1079, 335, 3704, 2020, 2958, 720, 1171, 3684, 3724, 2619, 1657, 883, 104, 2393, 355, 1923, 1087, 1600, 2713, 2631, 368, 1298, 1590, 1184, 1275, 2310, 567, 3652, 438, 2181, 2459, 667, 3406, 1117, 1088, 3653, 813, 3441, 1194, 2747, 500, 489, 3159, 190, 1174, 1173, 1415, 3444, 870, 261, 504, 2010, 2307, 1584, 3520, 2195, 241, 514, 820, 1307, 3712, 1146, 1993, 954, 612, 3321, 1217, 437, 3562, 1303, 2150, 1502, 1161, 3409, 3550, 133, 1204, 3657, 2570, 3740, 1226, 3411, 1984, 957, 1979, 186, 1121, 2344, 2434, 2698, 3101, 1109, 1532, 538, 2321, 390, 1495, 2472, 1227, 3711, 574, 545, 1674, 86, 54, 1658, 499, 2235, 2694, 3254, 123, 779, 264, 2202, 3681, 411, 1558, 2788, 2730, 847, 3746, 633, 2352, 303, 3131, 3351, 929, 1708, 2792, 3694, 1957, 2444, 2601, 1944, 1737, 3128, 3232, 1452, 1550, 997, 2077, 2585, 1696, 3172, 3428, 973, 436, 2219, 3600, 1398, 1123, 2628, 2072, 1136, 2007, 2427, 3644, 617, 3200, 747, 1259, 867, 585, 2733, 2011, 1858, 2800, 1750, 3420, 705, 1147, 1112, 1785, 739, 312, 2772, 640, 956, 3196, 315, 808, 3448, 1843, 1086, 946, 3755, 1140, 28, 1801, 3366, 1886, 2551, 2773, 1586, 1817, 576, 1936, 845, 3323, 287, 1293, 626, 3473, 2578, 372, 295, 44, 1506, 1543, 2488, 3638, 1032, 495, 2320, 2332, 1, 1150, 3994, 99, 3679, 1561, 800, 2359, 3220, 3264, 2403, 840, 2065, 3647, 2276, 3230, 2365, 1789, 2059, 405, 3243, 3752, 1695, 2746, 3347, 3744, 2577, 1703, 1285, 34, 2361, 3541, 933, 849, 1257, 656, 1066, 1343, 3417, 1707, 3395, 259, 966, 1181, 2163, 1726, 3188, 542, 1533, 2467, 750, 1485, 2319, 2530, 3486, 14, 2623, 1850, 2768, 515, 2497, 1823, 827, 1213, 3678, 1538, 1795, 3591, 2643, 1153, 151, 2737, 961, 1396, 266, 1794, 2099, 904, 198, 278, 3287, 1937, 3522, 3103, 1470, 2880, 3446, 2032, 62, 2382, 439, 1414, 5, 329, 1585, 1481, 2268, 678, 2165, 991, 83, 3240, 85, 932, 1717, 419, 1643, 2117, 3376, 293, 3637, 938, 3710, 2289, 2309, 650, 651, 3615, 861, 1294, 1260, 2118, 2128, 3577, 1458, 1219, 964, 11, 3153, 1221, 698, 2415, 1030, 284, 2686, 3357, 1391, 970, 46, 257, 2390, 1499, 196, 319, 1859, 1810, 791, 3291, 2001, 1290, 2074, 39, 2812, 3538, 1168, 1281, 1669, 2091, 2533, 1329, 2776, 544, 2457, 1958, 142, 1092, 2552, 722, 570, 1328, 38, 273, 3692, 1709, 3691, 2757, 888, 517, 2944, 2681, 279, 1746, 3557, 310, 1126, 425, 1041, 2294, 3979, 799, 1541, 2132, 3165, 2514, 3236, 1393, 92, 1342, 3331, 1310, 3204, 1605, 1320, 757, 3358, 683, 2454, 3753, 1513, 181, 90, 1798, 428, 968, 1855, 1156, 471, 3623, 286, 3310, 2173, 493, 413, 1238, 1512, 2447, 2575, 1895, 211, 857, 584, 135, 714, 1517, 122, 356, 417, 248, 3201, 2653, 1229, 1511, 61, 2751, 3443, 202, 1927, 559, 1270, 347, 1853, 1202, 2357, 3737, 2691, 3294, 2521, 328, 1111, 445, 2174, 1461, 703, 638, 1747, 3491, 3277, 3640, 1900, 1997, 3464, 1378, 478, 2353, 1754, 3665, 1880, 149, 3599, 3278, 3716, 1103, 1237, 1856, 2088, 1824, 1813, 3348, 1791, 1494, 1105, 70, 3427, 2579, 597, 4, 2229, 2105, 1029, 2178, 880, 1627, 307, 2236, 3259, 3439, 2659, 675, 1118, 2597, 1026, 1262, 2462, 2364, 317, 2076, 2292, 1045, 2639, 213, 2317, 141, 2665, 955, 1139, 1698, 227, 378, 3299, 3629, 754, 588, 1991, 1921, 1206, 2172, 1876, 2358, 1560, 673, 622, 694, 1618, 1504, 323, 741, 3628, 3095, 1930, 1192, 2053, 853, 768, 865, 3273, 305, 3088, 106, 3519, 2379, 2640, 2391, 3125, 719, 552, 294, 440, 2157, 2225, 1677, 2401, 2476, 3422, 1228, 2083, 1834, 3375, 1465, 134, 1553, 1725, 366, 2018, 1945, 1362, 1624, 1691, 537, 1299, 3087, 3648, 441, 2538, 2634, 3641, 1611, 205, 1137, 2212, 2592, 116, 3523, 2797, 2456, 1419, 3683, 2897, 2159, 1025, 2285, 502, 1761, 789, 3280, 3675, 3350, 2013, 953, 3698, 2051, 2584, 1952, 129, 2465, 554, 1469, 3211, 1459, 1573, 822, 3585, 2559, 1475, 112, 1013, 1311, 1431, 1412, 2111, 734, 2287, 184, 127, 302, 1008, 3127, 1659, 2216, 2638, 2515, 3466, 2547, 3152, 1820, 107, 1002, 1762, 2667, 2758, 3572, 3360, 931, 2125, 1764, 2749, 3384, 2710, 1394, 2779, 592, 837, 547, 777, 1182, 490, 910, 1971, 1205, 1529, 2511, 3660, 936, 709, 285, 3922, 2034, 3140, 1346, 1404, 466, 784, 2175, 177, 421, 3386, 526, 1326, 1640, 2318, 1646, 2479, 3496, 1187, 1077, 2222, 1894, 1723, 388, 3162, 2811, 730, 22, 3318, 3369, 3477, 3525, 3123, 2510, 1616, 1392, 2729, 36, 2371, 338, 3516, 3235, 1183, 1906, 2870, 680, 2778, 146, 3139, 488, 3197, 327, 1544, 922, 189, 1983, 3224, 3484, 387, 1671, 1231, 2404, 4068, 2583, 3639, 2402, 3143, 603, 281, 424, 2550, 662, 1003, 2492, 262, 743, 2569, 2715, 1457, 732, 688, 697, 166, 1521, 974, 900, 3372, 2696, 2096, 1167, 2279, 4053, 2389, 467, 3601, 3133, 1498, 2740, 2355, 3340, 1076, 1028, 1172, 2707, 1963, 729, 1496, 751, 2594, 363, 2927, 2161, 2089, 2610, 2722, 3612, 3117, 3552, 3616, 4077, 3509, 3379, 3450, 546, 2433, 164, 3566, 1197, 2405, 2282, 1438, 2590, 1471, 1096, 1215, 3016, 219, 1582, 1218, 1341, 1385, 3426, 358, 1162, 59, 1052, 1773, 1780, 492, 3169, 1752, 296, 829, 1935, 3258, 354, 12, 1448, 2093, 866, 657, 524, 479, 2262, 192, 540, 407, 314, 3449, 3452, 695, 2536, 1333, 595, 889, 2692, 909, 2668, 3161, 3553, 913, 63, 2239, 644, 3556, 506, 1199, 3199, 3307, 3342, 3714, 1075, 1051, 1240, 3392, 1019, 3106, 1702, 337, 448, 1978, 3749, 2071, 3529, 836, 3218, 48, 121, 614, 79, 1648, 1756, 868, 118, 1286, 721, 1656, 1734, 3265, 598, 2248, 3091, 1367, 2385, 899, 935, 117, 3689, 3621, 525, 1492, 2535, 635, 3730, 655, 1802, 844, 715, 962, 1141, 130, 1428, 42, 3535, 76, 887, 1693, 562, 2576, 1948, 2767, 1803, 2380, 3289, 2227, 67, 2207, 672, 876, 2397, 1268, 944, 1430, 1322, 2440, 374, 918, 565, 3668, 2649, 914, 49, 2432, 2658, 1685, 3939, 362, 1738, 3412, 1302, 2572, 2263, 3589, 1080, 415, 1861, 1405, 3262, 3251, 254, 2061, 1712, 454, 2560, 128, 1751, 2335, 841, 1450, 1359, 993, 505, 1598, 2055, 126, 1808, 2021, 401, 1247, 7, 1200, 1081, 1401, 309, 3610, 3413, 1918, 711, 3517, 1839, 458, 3472, 3731, 442, 2340, 1706, 3314, 1348, 1837, 577, 349, 404, 1599, 110, 381, 1379, 2702, 664, 3929, 838, 3116, 1755, 2017, 1176, 1619, 1304, 3402, 572, 681, 2168, 872, 846, 692, 501, 825, 37, 3456, 1440, 999, 1292, 2325, 3346, 2218, 172, 1592, 481, 1413, 2267, 641, 352, 3699, 2466, 1484, 1970, 885, 3655, 699, 3168, 469, 2035, 1104, 1301, 350, 2602, 3498, 2031, 2614, 1943, 582, 2381, 1829, 2143, 2680, 246, 375, 1335, 1442, 1913, 1807, 1046, 3495, 60, 1907, 224, 2477, 3229, 884, 660, 1037, 3631, 679, 1687, 1694, 3097, 2052, 522, 2527, 1330, 1381, 661, 1189, 758, 3234, 649, 265, 1068, 480, 3442, 3551, 450, 1277, 15, 3268, 1665, 2326, 1960, 1564, 1557, 2726, 770, 642, 3181, 2162, 1373, 1741, 3545, 855, 1124, 1185, 2650, 2756, 1462, 748, 3445, 3447, 1932, 178, 3207, 3709, 3756, 718, 3742, 926, 762, 418, 2046, 1054, 3398, 1434, 1766, 220, 1225, 3690, 2481, 805, 1664, 3311, 1336, 2206, 3542, 3693, 771, 434, 3453, 558, 951, 1722, 3371, 769, 1403, 231, 2816, 668, 2147, 2617, 137, 199, 3592, 809, 763, 877, 1972, 2297, 2336, 491, 2771, 2744, 1363, 2599, 958, 1099, 276, 1057, 824, 1324, 3588, 398, 1160, 1630, 2170, 125, 690, 2146, 256, 2346, 670, 3269, 2717, 416, 1005, 2734, 1357, 394, 243, 2160, 3225, 291, 3434, 81, 3173, 3488, 590, 1001, 541, 108, 3096, 2822, 1253, 485, 3184, 772, 669, 994, 2580, 3537, 1017, 816, 403, 1021, 3228, 3208, 795, 723, 1604, 3137, 267, 3531, 3642, 2107, 2781, 1201, 3514, 395, 2288, 3561, 1821, 1319, 3658, 2557, 1546, 1486, 2012, 1547, 386, 2121, 1772, 1778, 760, 2249, 3295, 1317, 663, 1050, 2791, 1654, 3191, 449, 1331, 1883, 2303, 1510, 2384, 3118, 992, 3359, 965, 1245, 1473, 2199, 583, 3741, 1914, 217, 2556, 188, 444, 147, 1797, 2642, 3370, 2223, 245, 2283, 693, 839, 2102, 2519, 1636, 494, 477, 1628, 2500, 1508, 1055, 3607, 2273, 2182, 170, 2130, 100, 3645, 1941, 892, 1882, 1782, 2198, 2106, 268, 2042, 1407, 852, 2237, 937, 786, 1255, 3460, 611, 322, 2548, 2314, 1115, 4118, 2864, 3485, 2087, 3217, 1770, 23, 3400, 1312, 1410, 229, 2316, 645, 939, 1488, 2137, 193, 1940, 3252, 2006, 2793, 3163, 1011, 2486, 1879, 2493, 3530, 982, 3233, 159, 1730, 2322, 2226, 1629, 1418, 943, 3633, 1892, 152, 3586, 978, 794, 1308, 2069, 109, 2805, 2252, 472, 2595, 3700, 148, 2660, 3063, 2349, 1901, 2451, 233, 41, 2541, 2423, 1931, 1835, 1929, 32, 2112, 1909, 787, 3598, 3158, 1661, 2549, 2738, 587, 235, 630, 1652, 1505, 1138, 3338, 2616, 1589, 367, 336, 906, 2505, 2286, 513, 496, 1728, 2186, 1501, 203, 3288, 3430, 3086, 169, 194, 3099, 2378, 2529, 3672, 704, 625, 781, 1334, 917, 756, 969, 2748, 1252, 1203, 1684, 1678, 3469, 1864, 1787, 2784, 3437, 226, 461, 814, 331, 1776, 304, 2259, 3726, 2347, 1735, 282, 3094, 3508, 2375, 1537, 3151, 2806, 3100, 2073, 1122, 3965, 3349, 343, 1904, 3364, 3306, 160, 3175, 3147, 1996, 3193, 392, 707, 210, 400, 2000, 530, 1067, 377, 18, 1479, 2203, 1644, 2517, 2695, 408, 2210, 708, 2611, 2063, 3361, 3705, 2813, 342, 851, 2045, 3134, 1447, 2255, 3663, 981, 2721, 947, 1409, 497, 686, 608, 632, 89, 1234, 1779, 1595, 1474, 1736, 391, 2266, 1014, 1254, 3381, 1515, 1383, 3435, 1094, 1423, 1897, 1368, 2725, 1857, 3, 3518, 696, 1507, 647, 3470, 2196, 182, 1062, 2567, 1289, 1072, 2777, 236, 2387, 925, 2787, 1493, 1006, 1305, 93, 636, 1233, 1043, 3332, 2672, 1048, 412, 251, 216, 3283, 325, 1662, 3396, 1578, 3129, 2709, 1426, 3339, 3468, 535, 2220, 1796, 1358, 348, 2119, 823, 27, 3297, 3671, 2246, 30, 1390, 886, 2155, 68, 1443, 3150, 1804, 2637, 780, 2690, 2708, 3227, 3031, 2244, 2566, 616, 3669, 1570, 1847, 345, 3619, 527, 2311, 346, 1157, 810, 1018, 324, 2392, 2450, 1101, 1622, 2215, 1408, 2622, 1074, 460, 1896, 3490, 1429, 812, 483, 921, 2166, 2532, 850, 1667, 1497, 1269, 3667, 1982, 239, 1902, 2284, 1967, 318, 815, 3576, 1179, 835, 498, 1073, 634, 2795, 3534, 2655, 1480, 2436, 2774, 648, 862, 752, 529, 1120, 967, 2711, 2360, 2621, 1097, 1973, 605, 2443, 736, 591, 212, 2095, 1085, 1377, 2804, 1034, 2502, 1818, 3304, 896, 1899, 1472, 971, 3499, 1724, 228, 1826, 1093, 19, 1468, 2820, 3241, 3157, 3745, 2693, 1836, 3275, 2084, 420, 1916, 326, 456, 879, 919, 869, 487, 1645, 907, 1039, 767, 240, 3593, 3992, 215, 2176, 1382, 101, 677, 3942, 2243, 1651, 2474, 2760, 3138, 3248, 2612, 519, 1004, 927, 3215, 3546, 549, 3757, 1223, 1288, 157, 1477, 3144, 516, 596, 484, 2731, 3239, 510, 3458, 3455, 2613, 1154, 1720, 51, 1276, 1129, 21, 1704, 580, 1321, 3510, 3521, 1065, 1349, 1617, 2475, 3355, 2201, 1355, 654, 3316, 453, 1536, 3192, 1733, 1670, 156, 1987, 69, 1347, 980, 508, 950, 986, 685, 1679, 1889, 2411, 1053, 260, 2673, 3320, 1655, 1332, 2422, 3300, 1175, 2298, 1149, 2060, 3407, 1061, 132, 2238, 1366, 1012, 3343, 10, 717, 176, 56, 53, 3008, 2495, 1793, 3060, 3568, 3961, 4059, 2796, 2723
2508: 17
406: 17
14: 2, 399, 35, 446, 431, 457, 532, 2863, 139, 24, 568, 82, 136, 150, 113, 3011, 29, 8, 13, 1, 116, 717, 232, 3221, 4001, 1700, 56, 85, 53, 63
44: 2, 102, 3017, 29, 399, 457, 532, 2863, 139, 82, 150, 113, 1689, 2826, 136, 35, 446, 8, 13, 116, 1, 2469, 43, 2448, 2854, 232, 723, 2433, 2927, 2316, 1677, 1932, 45, 2566, 971, 2702, 2418, 344, 1731, 1864, 1267, 79, 85, 56, 53, 63, 2383
1368: 2, 8, 10
1862: 17
1946: 17
132: 2, 139, 8, 10, 1, 116, 232, 717, 979, 53, 176, 85, 428
3463: 17
1135: 17
24: 2, 14, 8, 13
1504: 2, 8, 10
1218: 2, 8, 13
128: 2, 8, 13
1083: 2, 8, 13
307: 2, 2670, 1601, 82, 1015, 2932, 150, 1436, 139, 136, 35, 446, 3090, 399, 2718, 457, 532, 8, 13, 1, 717, 1910, 232, 53, 176, 85, 116, 549, 320, 656
1279: 17, 144
271: 17, 144
21: 2, 399, 457, 2863, 446, 532, 139, 82, 2826, 136, 150, 35, 2840, 244, 351, 1956, 1928, 1697, 234, 364, 1981, 1597, 615, 1548, 197, 1432, 1084, 1994, 1242, 207, 624, 1273, 1265, 1988, 972, 1184, 2019, 1360, 432, 1421, 1170, 8, 20, 1, 116, 1966, 3729, 232, 53, 176, 85, 554, 3270, 549, 445, 630, 2946, 224, 552, 2560, 2089, 966, 300, 656, 2914
788: 17
168: 17
149: 2, 8, 20
1569: 17
485: 2, 8, 10, 34, 122, 101, 81, 5
1431: 2, 8, 13
160: 2, 29, 399, 2863, 446, 161, 2190, 457, 532, 139, 113, 568, 3011, 82, 2826, 136, 150, 35, 8, 10, 81, 63, 60, 34, 5, 122, 1, 101, 356, 157, 116, 557, 232, 3221, 717, 43, 3843, 53, 176, 85, 226, 652, 794, 1099, 851, 1590, 2897, 656
1066: 2, 8
2015: 17
270: 17
577: 2, 8, 10
15: 2, 8, 13
25: 17
301: 2, 8, 10
232: 2, 8, 10, 101, 78, 132, 160, 5, 361, 122, 218, 41, 73, 263, 52, 81, 175, 44, 307, 14, 60, 21, 34, 336, 1311, 510
652: 2, 8, 13, 160
338: 2, 8, 10
430: 2, 8, 13
69: 2, 8, 10
173: 17
839: 2, 8, 10
360: 17
1340: 17, 144
36: 2, 8, 10
1098: 17, 144
94: 17
1838: 17
246: 2, 8, 10, 81
312: 2, 8, 10
1033: 17
2676: 17
785: 17
81: 2, 136, 2938, 35, 150, 1020, 102, 29, 3733, 399, 457, 187, 2863, 446, 161, 1060, 3505, 532, 139, 113, 288, 82, 2826, 8, 10, 160, 1, 116, 60, 43, 232, 717, 56, 53, 176, 85, 226, 154, 485, 861, 946, 33, 2011, 2897, 217, 320, 656, 246
821: 17
408: 2, 8, 64
1311: 2, 8, 13, 116, 232
996: 17
469: 2, 8, 10
878: 17
949: 17
5: 2, 1119, 6, 1840, 532, 2863, 139, 475, 384, 161, 568, 288, 82, 2826, 1769, 1060, 1015, 136, 1399, 230, 376, 2049, 150, 113, 1020, 976, 2587, 1372, 1639, 1689, 426, 2187, 35, 187, 446, 102, 97, 29, 1031, 1831, 399, 457, 8, 10, 683, 127, 50, 160, 1, 60, 116, 1910, 232, 762, 43, 474, 977, 53, 176, 85, 87, 540, 226, 77, 154, 485, 236, 63, 174, 1303, 2009, 206, 1622, 1396, 595, 28, 1079, 1152, 587, 1688, 1880, 774, 410, 1380, 500, 1723, 1770, 468, 1121, 687, 315, 1213, 657, 1377, 386, 1055, 1426, 694, 425, 745, 1385, 441, 730, 851, 1590, 1156, 274, 320, 630, 291
273: 2, 8, 10, 274
180: 17, 144
214: 17, 144, 452
675: 2, 8, 10
204: 17
300: 2, 8, 10, 21, 218, 101, 361
60: 2, 2863, 82, 150, 139, 113, 2826, 136, 35, 446, 29, 399, 457, 532, 8, 10, 157, 1, 557, 160, 356, 34, 81, 116, 63, 5, 2986, 1910, 232, 56, 53, 85, 867, 2897, 590, 323, 1099, 1590, 656
341: 2, 8, 10, 274
52: 2, 2799, 2802, 2531, 2574, 3767, 2044, 898, 2770, 1673, 2633, 2386, 1482, 124, 2739, 3124, 716, 2558, 561, 2699, 3480, 2833, 3818, 3851, 2507, 139, 2967, 1527, 1243, 1282, 2369, 2755, 1056, 2831, 2388, 2591, 2406, 1953, 2136, 1427, 3802, 3238, 2342, 2464, 200, 1620, 2313, 272, 1873, 987, 1280, 2003, 3673, 221, 1520, 2192, 1036, 3625, 1180, 1565, 2589, 2856, 2133, 2852, 1686, 2008, 4012, 2231, 447, 4, 2271, 2064, 3084, 903, 2775, 1749, 2483, 882, 255, 3024, 2921, 4026, 1955, 321, 247, 984, 1846, 2171, 818, 2180, 3760, 2925, 2043, 4048, 2608, 1376, 1995, 2894, 2534, 2295, 2785, 2687, 3940, 2067, 2783, 2068, 1128, 3053, 1524, 2281, 1186, 1539, 1556, 1727, 1143, 2498, 1992, 1753, 2752, 2913, 1356, 2571, 1607, 2376, 1491, 2367, 2586, 2291, 3904, 2100, 2553, 2354, 4114, 1583, 8, 10, 1, 116, 232, 56, 53, 85
143: 17, 144, 1445
1740: 17
1822: 17
361: 2, 139, 2604, 8, 10, 116, 1, 232, 85, 53, 176, 63, 300, 320
135: 2, 8, 10, 218
63: 2, 8, 64, 160, 60, 78, 218, 175, 14, 44, 41, 5, 34, 122, 101, 361, 263, 336
108: 2, 8, 13
782: 17
98: 17
269: 17
607: 2, 8, 13
1144: 17, 144, 208
679: 2, 8, 10
66: 2, 8, 13
667: 2, 8, 10
875: 17
1666: 17, 144
1938: 17, 144, 1587
1783: 17
175: 2, 139, 2604, 8, 10, 116, 1, 1910, 232, 176, 85, 53, 56, 63, 320
768: 2, 8, 10, 78
890: 17
1531: 17
267: 2, 8, 10
799: 2, 8, 13, 116
831: 17, 144
156: 2, 8, 122, 101
1298: 2, 8, 10
656: 2, 8, 10, 41, 60, 21, 81, 307, 160
1649: 17
549: 2, 8, 20, 21, 307
85: 2, 8, 10, 361, 175, 34, 122, 336, 218, 44, 41, 73, 307, 101, 78, 263, 14, 132, 60, 21, 52, 160, 81, 5
1715: 17
208: 17, 144, 1144
236: 2, 8, 10, 78, 101, 5, 34, 122
116: 2, 8, 10, 361, 175, 34, 336, 44, 218, 41, 73, 21, 101, 81, 14, 132, 60, 52, 160, 5, 122, 307, 263, 799, 510, 1311
1435: 2, 8, 10
314: 2, 8, 10
34: 2, 1060, 136, 230, 376, 2049, 35, 150, 113, 1020, 643, 1689, 29, 1831, 426, 399, 6, 2187, 1840, 187, 2863, 446, 102, 1031, 1769, 457, 1119, 1015, 532, 2688, 139, 1178, 288, 82, 2826, 8, 10, 485, 116, 60, 160, 1, 43, 475, 569, 1910, 232, 176, 85, 53, 127, 226, 154, 540, 77, 236, 63, 1809, 1013, 955, 1501, 1209, 458, 162, 1444, 1226, 1458, 1951, 1320, 1354, 1794, 1099, 809, 402, 140, 1830, 1861, 1263, 749, 346, 1850, 944, 592, 1200, 1120, 1985, 808, 1329, 918, 795, 1067, 855, 178, 787, 925, 274, 320, 50, 630, 291
252: 17, 144
1027: 17
673: 2, 8, 10
122: 2, 1020, 113, 2587, 97, 1689, 29, 426, 399, 3765, 6, 1840, 874, 187, 2863, 446, 161, 102, 1031, 1769, 457, 1119, 1015, 532, 762, 139, 475, 384, 568, 288, 82, 2627, 2826, 1060, 843, 136, 1399, 230, 376, 2049, 150, 35, 8, 10, 485, 226, 160, 1, 880, 156, 232, 717, 778, 43, 1732, 977, 85, 116, 56, 53, 127, 87, 154, 540, 77, 236, 63, 205, 1231, 1925, 354, 558, 248, 1694, 1068, 1341, 1304, 1647, 1457, 844, 329, 266, 1297, 590, 1552, 761, 938, 884, 1823, 1257, 828, 614, 325, 121, 1429, 268, 134, 1684, 605, 900, 2012, 1853, 1886, 891, 450, 274, 320, 50, 630, 291
742: 2, 8, 13
1890: 17
452: 17, 144, 214
1177: 17
1: 2, 8, 10, 132, 73, 307, 60, 21, 81, 14, 52, 160, 5, 34, 122, 361, 175, 41, 101, 263, 218, 44, 78, 336
807: 17, 144
683: 2, 8, 10, 5, 710, 274
1625: 17
829: 2, 8, 10, 274
513: 2, 8, 10
80: 17
923: 17
334: 2, 8, 10
1100: 17
1572: 17
336: 2, 446, 457, 532, 139, 82, 2826, 136, 150, 35, 399, 2604, 2863, 8, 13, 116, 1910, 232, 85, 56, 53, 1, 63, 320
859: 17
723: 2, 8, 10, 44
1567: 17
226: 2, 8, 64, 122, 81, 5, 34, 101, 160, 710
316: 17
1059: 17
218: 2, 82, 2907, 136, 150, 2826, 2039, 2604, 35, 446, 3149, 2844, 2846, 2849, 399, 457, 552, 532, 2863, 139, 8, 10, 116, 1, 717, 1910, 232, 3221, 2900, 2943, 85, 53, 56, 224, 2089, 63, 135, 300, 320
320: 2, 8, 10, 361, 5, 263, 218, 81, 175, 101, 34, 41, 307, 336, 122
1232: 17
1316: 17
37: 2, 8, 13
1650: 17
41: 2, 1959, 1663, 803, 924, 457, 2959, 1863, 2426, 532, 1942, 139, 2189, 82, 2826, 1964, 1842, 1614, 2458, 843, 136, 3489, 35, 150, 976, 2860, 1372, 131, 2412, 399, 1638, 3547, 2205, 801, 874, 2863, 446, 4, 2190, 2956, 8, 10, 116, 1, 1077, 584, 2717, 2018, 2394, 196, 866, 1662, 504, 3963, 960, 2011, 1383, 309, 1550, 3078, 2308, 456, 1088, 2596, 649, 2063, 126, 1996, 598, 2105, 1167, 514, 1486, 1674, 1333, 2126, 403, 1331, 3267, 1214, 1636, 470, 1363, 741, 939, 3452, 2481, 2405, 3475, 3004, 1414, 3018, 941, 2928, 838, 1227, 2420, 1718, 1454, 3052, 1182, 2050, 2117, 847, 2081, 2201, 3008, 579, 1043, 2152, 917, 1187, 515, 951, 511, 2035, 2089, 2470, 2125, 353, 1362, 2880, 946, 2917, 1553, 464, 51, 1133, 3, 1072, 1394, 2140, 1129, 1905, 1219, 421, 545, 2832, 2904, 508, 2166, 2632, 76, 721, 2159, 212, 1375, 448, 1250, 1967, 3918, 397, 2091, 1278, 2424, 2622, 30, 2268, 981, 366, 2039, 2058, 2016, 1744, 2222, 1525, 529, 1866, 2245, 2547, 2139, 701, 295, 708, 1161, 1896, 887, 2088, 1127, 2101, 936, 3196, 1138, 1208, 531, 913, 378, 2387, 2002, 1503, 412, 1215, 1173, 1245, 601, 1315, 2118, 1757, 1505, 2577, 562, 1983, 542, 423, 2681, 1151, 1746, 1921, 7, 2273, 2069, 1381, 1752, 2048, 4030, 1782, 390, 794, 2440, 2217, 245, 1528, 931, 1797, 765, 454, 2147, 224, 1617, 381, 629, 872, 1221, 823, 1675, 1933, 1094, 388, 238, 1080, 3595, 289, 541, 177, 1030, 892, 198, 1159, 345, 193, 1185, 586, 2380, 2298, 525, 332, 159, 2905, 737, 278, 642, 2060, 2629, 296, 141, 2216, 2084, 658, 1220, 2737, 1962, 705, 2864, 2014, 2253, 342, 3032, 1829, 2887, 216, 547, 33, 1253, 1931, 2096, 1021, 1784, 1194, 1247, 3016, 42, 2374, 502, 363, 1703, 1485, 849, 182, 1480, 2705, 627, 2726, 1256, 1117, 233, 1166, 1052, 2086, 1276, 387, 2037, 1678, 805, 2694, 2530, 1405, 2181, 963, 1892, 3071, 2114, 2034, 2542, 398, 322, 1465, 1307, 49, 427, 118, 2109, 407, 2779, 899, 2364, 2254, 1474, 418, 919, 1519, 1883, 1123, 1169, 1324, 2691, 2321, 1401, 2033, 861, 2327, 2503, 2421, 1462, 484, 845, 3134, 1249, 2679, 2289, 622, 2383, 1204, 303, 1916, 129, 1512, 137, 2107, 3041, 1535, 2933, 1657, 822, 2431, 2110, 947, 2184, 2115, 2093, 550, 554, 1252, 522, 846, 2450, 125, 731, 1464, 2247, 2219, 2985, 2435, 2130, 2288, 449, 751, 1716, 2463, 2165, 1136, 750, 3270, 2032, 2745, 2017, 1192, 669, 2332, 1122, 3779, 2161, 707, 1004, 1147, 310, 2224, 2567, 1742, 1326, 1658, 736, 445, 2790, 2252, 1063, 1721, 367, 1739, 72, 1236, 580, 1970, 2248, 2990, 791, 2859, 401, 1212, 1570, 199, 1024, 813, 1141, 2244, 625, 2504, 929, 1357, 1391, 1026, 1817, 1627, 1516, 505, 1366, 1680, 600, 89, 1914, 3063, 761, 1145, 2987, 715, 1460, 1310, 1041, 1289, 552, 1371, 1008, 2286, 572, 1240, 1000, 1139, 2958, 164, 152, 2729, 1408, 2113, 1968, 1786, 826, 1328, 2103, 2030, 858, 1327, 2510, 1616, 1750, 591, 548, 2280, 1795, 833, 535, 185, 461, 1344, 703, 991, 2668, 966, 1497, 1948, 524, 492, 1392, 2845, 1515, 2846, 444, 1254, 215, 2619, 2592, 419, 2616, 2947, 1016, 747, 2438, 277, 2331, 133, 1108, 2962, 259, 261, 578, 3476, 1691, 2479, 11, 3031, 756, 262, 2099, 840, 192, 2787, 1400, 232, 85, 56, 53, 656, 63, 320
979: 2, 8, 10, 132
709: 2, 8, 64, 710
1070: 17
639: 2, 8, 10
291: 2, 8, 10, 34, 122, 101, 5
73: 2, 1102, 1509, 139, 8, 10, 1, 116, 1910, 232, 539, 56, 85, 53, 317, 1404, 1287, 1899, 1725, 830, 993, 635, 1470, 1309, 852, 1155, 1624, 1755, 722, 1496, 357, 1776, 181, 863, 661, 2021, 1585, 1821, 123, 1747, 220, 1943, 594, 493, 743, 1788, 1547, 279, 1804, 257, 1592, 1606, 1412, 1046, 1628, 1799, 483, 868, 1858, 191, 352, 1979, 850, 775, 89
776: 17
249: 2, 8, 10
665: 17, 144, 1445
1416: 2, 8, 20
136: 81, 34, 218, 101, 8, 5, 41, 336, 307, 60, 14, 21, 44, 160, 122
3554: 96
96: 3554, 3002, 3064, 473, 3457, 2233, 1815, 2615, 2645, 3907, 2200, 3859, 1893, 1131, 4061, 3115, 3082, 3919, 3868, 1295, 2343, 3759, 3219, 3842, 4093, 1878, 3661, 3424, 2023, 3527, 4044, 2893, 3893, 3852, 95, 1562, 3605, 3819, 3141, 3257, 4086, 2026, 2825, 1613, 4036, 3069, 1040, 3620, 2600, 4102, 4090, 2941, 2868, 2669, 3955, 618, 728, 1114, 2098, 4035, 167, 3559, 2881, 3383, 1891, 2372, 2869, 2270, 4120, 3478, 4015, 2056, 3045, 2047, 158, 3853, 3186, 4060, 3079, 4094, 486, 3809, 2188, 2949, 1729, 369, 1064, 3931, 396, 3145, 3848, 2963, 2261, 3804, 2876, 3155, 3927, 1775, 3969, 2923, 4085, 2654, 3012, 2885, 3083, 3908, 1609, 3697, 3839, 3021, 429, 3768, 3492, 3051, 3007, 3871, 2608, 3865, 1388, 3889, 3282, 3036, 373, 1411, 3303, 3773, 3943, 365, 593, 2334, 4082, 2027, 3957, 2965, 1642, 3015, 2701, 313, 3043, 3785, 1272, 3037, 3925, 3782, 3928, 2873, 3482, 3836, 4100, 842, 3571, 1542, 3132, 4013, 200, 1078, 2520, 2603, 2523, 4067, 3212, 3933, 3216, 2906, 2029, 3854, 4089, 4052, 2445, 3735, 3023, 2763, 1352, 3917, 3951, 536, 8, 2798, 1456, 3330, 623, 3025, 2425, 3946, 3891, 3368, 3988, 3835, 2830, 3156, 4002, 1283, 4039, 2678, 1949, 3833, 2129, 1193, 2022, 2400, 2156, 942, 1989, 834, 1397, 3500, 3872, 4051, 3793, 3582, 3462, 2865, 4017, 3826, 3982, 2980, 2395, 3344, 4046, 4007, 2193, 2192, 2345, 1338, 3662, 3022, 2455, 2257, 3814, 3948, 4038
939: 4, 8, 41
4: 939, 2405, 3018, 345, 3075, 968, 2081, 737, 1187, 951, 2629, 3032, 216, 2096, 545, 508, 1256, 1967, 1276, 366, 2222, 322, 1465, 899, 2254, 1169, 2691, 412, 601, 1315, 2421, 2577, 3134, 1249, 2107, 1782, 765, 1617, 2838, 381, 2184, 554, 1675, 846, 289, 1192, 1742, 296, 1220, 791, 1212, 1570, 1253, 1141, 929, 1391, 627, 233, 1145, 1460, 552, 1405, 572, 1000, 3071, 1786, 1327, 2779, 1474, 418, 919, 1519, 966, 484, 2947, 133, 2383, 259, 3041, 3574, 550, 456, 2985, 2596, 2288, 2063, 2165, 2745, 2332, 1331, 1147, 367, 1227, 579, 2244, 2035, 2917, 1914, 2987, 1394, 2560, 2870, 448, 1250, 981, 2218, 1866, 1161, 1896, 1127, 2962, 1138, 913, 905, 2002, 562, 584, 423, 2681, 196, 1662, 2273, 504, 960, 2011, 2440, 2217, 224, 872, 1080, 741, 541, 2420, 2050, 847, 2125, 1962, 1362, 2014, 547, 1129, 3059, 1194, 1784, 1219, 2166, 849, 1278, 1166, 2037, 1678, 54, 295, 49, 2109, 2088, 2028, 2387, 1324, 1746, 2048, 129, 2431, 2110, 522, 2841, 2219, 2435, 1030, 1185, 707, 586, 2298, 332, 2905, 2216, 580, 342, 1829, 2859, 813, 3016, 1627, 1516, 1785, 2726, 1052, 1371, 1139, 2542, 1750, 1795, 1344, 1883, 492, 444, 1254, 2327, 845, 747, 2438, 2289, 578, 137, 1512, 756, 1252, 1383, 309, 2130, 1996, 669, 2696, 403, 1004, 310, 1636, 1063, 1721, 3070, 3004, 941, 2928, 3052, 1043, 1817, 1680, 1553, 2958, 52, 76, 2159, 826, 548, 2622, 833, 185, 524, 2845, 2058, 1525, 2245, 2592, 2101, 3476, 1208, 840, 2787, 1077, 2018, 1381, 1752, 4030, 390, 649, 126, 454, 1486, 2126, 1214, 1094, 238, 198, 1182, 278, 515, 2162, 2470, 353, 1931, 1021, 2374, 2832, 2632, 182, 397, 2091, 2424, 2268, 2114, 2139, 109, 2321, 1401, 1173, 861, 2503, 2839, 3396, 542, 2069, 931, 1797, 2115, 2093, 125, 388, 449, 751, 1716, 177, 2017, 193, 2380, 1326, 736, 1236, 2737, 2887, 1024, 1357, 1026, 1117, 2897, 761, 2946, 2086, 1310, 1289, 1008, 2694, 1240, 164, 152, 1408, 591, 118, 535, 461, 703, 3623, 1948, 2619, 2679, 277, 1108, 1916, 3548, 262, 947, 2175, 1088, 2463, 2252, 72, 401, 3008, 2152, 625, 2089, 51, 1905, 2328, 2904, 212, 2729, 1328, 2030, 2280, 30, 1392, 2039, 215, 419, 887, 936, 1691, 531, 3659, 1503, 1215, 1757, 1400, 2394, 7, 3078, 245, 1528, 2147, 1333, 629, 1221, 3475, 838, 159, 917, 658, 2864, 33, 1247, 421, 42, 363, 1375, 1480, 805, 1892, 2034, 398, 1307, 427, 407, 1123, 378, 2118, 1151, 1657, 2450, 731, 3595, 1464, 2247, 1136, 750, 3270, 2032, 892, 2224, 525, 445, 2084, 705, 2990, 199, 2504, 502, 1703, 505, 2705, 387, 2181, 2113, 858, 1616, 3057, 991, 2668, 1497, 2033, 2042, 1016, 1566, 622, 3031, 1550, 2308, 1167, 2161, 1658, 1970, 41, 511, 2914, 1366, 946, 464, 89, 3063, 1133, 3, 1072, 2140, 1041, 721, 2103, 2016, 1744, 2846, 529, 701, 708, 11, 2099, 1245, 192, 1505, 1983, 2717, 1921, 3963, 514, 823, 3267, 1933, 470, 8
2405: 4, 8, 41
2799: 52
3841: 27
27: 3841, 3989, 3978, 3815, 1563, 3944, 3026, 26, 2509, 4065, 311, 3587, 2453, 3876, 3987, 2158, 3758, 4043, 2980, 3682, 461, 2305, 1576, 3195, 3142, 3974, 2955, 3527, 1924, 4010, 4111, 2153, 2024, 2419, 2893, 2460, 3772, 3354, 823, 1562, 2565, 3877, 4042, 1337, 3956, 2937, 3141, 3257, 1483, 4005, 2911, 2430, 2644, 3774, 2825, 3857, 2221, 2940, 3626, 3680, 2618, 1806, 1613, 3276, 691, 3611, 3039, 2977, 2204, 4125, 289, 1040, 4083, 2341, 2275, 4079, 684, 2625, 1463, 233, 4108, 2868, 518, 3856, 523, 2950, 3056, 3581, 2944, 2062, 1193, 3873, 4034, 3664, 3995, 560, 2939, 2872, 3403, 3302, 2969, 2372, 2869, 2231, 3990, 1361, 2270, 3826, 2945, 4070, 3783, 3565, 2997, 2706, 237, 84, 3825, 3003, 2952, 3853, 3080, 3076, 3838, 1389, 3635, 2866, 2995, 2211, 4016, 3098, 2915, 2929, 3805, 2116, 3809, 3913, 3213, 4063, 2867, 755, 1554, 3983, 2949, 3066, 4084, 369, 2951, 1064, 396, 4081, 1387, 1767, 2855, 2473, 2524, 3844, 3738, 1615, 2407, 2876, 3077, 3155, 4054, 2817, 3927, 2120, 2934, 2736, 2803, 3985, 2396, 2834, 3937, 1490, 3020, 3012, 2924, 2197, 2877, 2968, 871, 2960, 3934, 2878, 2978, 2260, 382, 2542, 2762, 2581, 2988, 3102, 2543, 3885, 2242, 3754, 790, 4119, 2847, 2974, 2608, 983, 2953, 3850, 2857, 3790, 465, 2764, 3560, 3356, 120, 2992, 572, 1641, 3067, 2821, 534, 3274, 2889, 1388, 2936, 2883, 253, 3780, 1758, 4104, 2134, 2983, 415, 1748, 2370, 3292, 3451, 2149, 1884, 2070, 1800, 3960, 3953, 4075, 1411, 4020, 2632, 593, 1524, 3814, 959, 3957, 1284, 619, 297, 3260, 225, 1881, 2441, 2563, 3976, 2041, 3068, 3014, 1306, 4109, 3563, 1314, 2689, 3715, 1272, 2188, 4117, 2888, 512, 3954, 1860, 975, 2478, 1106, 4050, 2891, 3154, 1610, 3874, 2684, 2861, 2916, 3959, 1603, 842, 3198, 3986, 1291, 4055, 4069, 3920, 1874, 4028, 200, 1078, 4018, 2848, 2964, 2954, 4014, 2520, 2078, 3812, 4040, 2194, 3775, 2850, 2993, 3801, 2909, 3821, 4067, 2808, 2919, 1420, 2539, 3019, 2728, 3861, 1908, 111, 3981, 1559, 1042, 2842, 1476, 1939, 4106, 2230, 4000, 4037, 2906, 998, 3010, 1568, 2663, 3837, 3894, 2142, 2683, 2290, 3788, 2191, 2145, 1672, 3952, 1009, 4103, 2025, 4087, 4027, 2741, 536, 3886, 3272, 2912, 1977, 3831, 1035, 2373, 3747, 3305, 4112, 1898, 414, 3457, 2233, 1965, 3966, 3903, 3365, 2630, 796, 2200, 4101, 4057, 3807, 3791, 3784, 3115, 2871, 2487, 4071, 2115, 2837, 8, 2899, 2156, 942, 3771, 2875, 3811, 3255, 928, 3895, 2754, 3706, 2794, 3719, 4115, 3111, 3884, 1976, 3847, 3872, 1216, 3822, 3582, 3001, 1198, 2697, 115, 3921, 2414, 3432, 4126, 1433, 3028, 1867, 2264, 2742, 4099, 3761, 3604, 1518, 3910, 3863, 3418, 275, 3858, 2890, 2828, 3027, 3820, 606, 2428, 3887, 2677, 3751, 2192, 4022, 3770, 2836, 2989, 2991, 3187, 3852, 3832, 1244, 1768, 2957, 1812, 4049, 3035, 3065, 4091, 2884, 2896, 3030, 2827, 3878, 3408, 3006, 2455, 3778, 3707, 2446, 3513, 1211, 1352, 3528, 3980, 3324, 3630, 3105, 1534, 744, 2714, 3214, 3948, 2075, 2882, 3558, 2066, 3250, 1451, 4033, 3286, 3787, 3798, 1961, 3912, 2961, 2853, 2963, 2895, 2057, 3570, 3830, 3245, 3914, 1456, 3205, 2948, 3864, 3906, 171, 2582, 3112, 3795, 3840, 3875, 3785, 4066, 2682, 2918, 2830, 881, 3405, 3810, 646, 1049, 3602, 3799, 2104, 3890, 1540, 3728, 2735, 3677, 2605, 610, 2972, 2588, 3792, 3764, 4031, 2306, 3301, 2678, 3244, 563, 2843, 3777, 1912, 3968, 728, 783, 4011, 2544, 1114, 3164, 3654, 4080, 2234
2372: 48, 27, 96
48: 2372, 2970, 3720, 2108, 2270, 3924, 1497, 3947, 3501, 2829, 1522, 1402, 3901, 2636, 84, 1872, 553, 4025, 2835, 3991, 482, 3098, 2929, 3973, 2976, 2164, 2125, 2898, 3504, 3766, 2014, 2188, 3594, 2166, 2910, 2824, 3266, 4098, 2387, 3160, 3846, 990, 3046, 573, 4116, 1933, 1660, 3050, 2926, 2038, 3950, 3927, 3945, 2942, 2859, 3739, 3120, 646, 3643, 2480, 2879, 3048, 2324, 3975, 2484, 3909, 2647, 2327, 2862, 2975, 2416, 4122, 2666, 3494, 2814, 3263, 47, 2148, 4123, 3246, 2847, 2999, 1711, 2608, 3622, 575, 4074, 507, 1903, 3356, 3996, 4110, 1551, 3296, 1009, 4056, 133, 3284, 3203, 2040, 4006, 3941, 3061, 2214, 3977, 3047, 3319, 3817, 797, 3029, 3042, 3900, 593, 3800, 3040, 4064, 1866, 3762, 4095, 3860, 4008, 2901, 1173, 940, 3763, 303, 2874, 4105, 3748, 3038, 1095, 2789, 2471, 2984, 2131, 2568, 4062, 3389, 3789, 3054, 3936, 3902, 118, 3808, 2873, 3874, 1489, 2228, 3723, 2082, 3571, 2544, 3013, 2435, 2463, 200, 3058, 2920, 4041, 2330, 2848, 621, 3794, 2719, 4088, 2092, 2759, 2485, 3896, 3249, 2449, 3958, 2981, 3866, 1188, 3932, 2704, 145, 3898, 2743, 3308, 3743, 3880, 1058, 2394, 2135, 2842, 3999, 2661, 3033, 2398, 2624, 1022, 2823, 3176, 2208, 4021, 3869, 3926, 3114, 3206, 2296, 2671, 3984, 2269, 4103, 222, 333, 1208, 378, 536, 3912, 4019, 3272, 3062, 4078, 3964, 3180, 1805, 3888, 1094, 3555, 2362, 1113, 3935, 3457, 3827, 2233, 1954, 4023, 3454, 3806, 3670, 2930, 1526, 3073, 3834, 3938, 3000, 3190, 1487, 2902, 3828, 3786, 3115, 3072, 695, 3399, 4073, 4113, 3026, 3759, 2417, 4124, 3242, 503, 1024, 3333, 2482, 3044, 3881, 3923, 3387, 1240, 4072, 2980, 3085, 3121, 2648, 3651, 4058, 3174, 3772, 792, 3674, 2606, 1915, 2982, 2081, 2652, 1187, 3813, 3916, 3544, 4097, 4121, 1653, 1337, 1632, 3539, 216, 3867, 4029, 2903, 4004, 3257, 4047, 3870, 895, 3171, 571, 916, 2437, 4045, 3532, 2994, 1110, 3293, 3104, 3823, 3829, 2761, 3666, 4003, 1220, 1384, 4024, 2516, 3685, 3325, 4092, 4107, 2966, 2892, 4096, 1193, 2304, 1888, 2769, 1885, 3967, 3237, 2715, 1911, 3009, 3109, 8, 2241, 1466, 2453, 3030, 3540, 3993, 3962, 2066, 2858, 3803, 2935, 2998, 3879, 3949, 2192, 948, 2329, 3781, 1602, 3636, 1868, 3948, 1064, 1580, 3686, 2931, 3081, 1325, 2979, 2807, 2651, 3385, 2830, 3845, 4009, 3005, 975, 2765, 1106, 3972, 3301, 2678, 3930, 3055, 3590, 2886, 2363, 2851, 783, 735, 942, 2138, 3769, 3915
1020: 122, 81, 34, 101, 5
113: 122, 34, 60, 101, 5, 263, 44, 160, 81, 14
3989: 27
3978: 27
3018: 4, 41
3815: 27
345: 4, 8, 41
1563: 27
3075: 4, 8
3944: 27
3002: 96
968: 4, 8
2081: 4, 48, 8, 41
3064: 96
2802: 52
737: 4, 8, 41
1187: 4, 48, 8, 41
2970: 48
1119: 5, 122, 34
951: 4, 8, 41
1015: 101, 307, 5, 122, 34
2629: 4, 8, 41
102: 44, 81, 122, 34, 101, 5
3720: 48
3026: 27, 48
473: 96
2531: 52
2574: 52
26: 27
3767: 52
2044: 52
2509: 27
898: 52
2108: 48
4065: 27
6: 5, 122, 34
2770: 52
1673: 52
2633: 52
2270: 48, 27, 96
3032: 4, 41
2386: 52
216: 4, 48, 8, 41
311: 27
2096: 4, 8, 41
1482: 52
3924: 48
1497: 48, 4, 8, 41
545: 4, 8, 41
3947: 48
3587: 27
195: 8
508: 4, 8, 41
2587: 122, 5
2453: 27, 48
3501: 48
139: 175, 52, 101, 78, 8, 5, 41, 44, 336, 307, 60, 361, 263, 14, 21, 160, 122, 73, 81, 34, 132, 218
1256: 4, 8, 41
1967: 4, 8, 41
2829: 48
2863: 60, 5, 21, 44, 160, 122, 81, 34, 14, 101, 8, 41, 218, 336
3457: 96, 48, 27
124: 52
2233: 96, 48, 27
1276: 4, 8, 41
2739: 52
3876: 27
3987: 27
1815: 96
1060: 34, 101, 5, 81, 122
1522: 48
2158: 27
3758: 27
366: 4, 8, 41
532: 101, 8, 5, 41, 44, 336, 14, 21, 160, 122, 81, 34, 218, 307, 60
1959: 41
1402: 48
2222: 4, 8, 41
242: 8
3901: 48
2636: 48
4043: 27
322: 4, 8, 41
1465: 4, 8, 41
446: 336, 14, 21, 160, 122, 81, 34, 218, 307, 60, 101, 8, 5, 41, 44
3124: 52
84: 48, 27
2980: 27, 201, 48, 96, 943
3017: 44
899: 4, 8, 41
3682: 27
2938: 81
399: 14, 21, 44, 160, 122, 81, 34, 101, 8, 41, 218, 336, 307, 60, 5
461: 27, 4, 8, 41
716: 52
2254: 4, 8, 41
2670: 307
2305: 27
1169: 4, 8, 41
2558: 52
35: 81, 34, 14, 101, 8, 41, 218, 336, 307, 60, 5, 21, 44, 160, 122
150: 81, 34, 218, 307, 60, 101, 8, 5, 41, 44, 336, 14, 21, 160, 122
2691: 4, 8, 41
412: 4, 8, 41
1576: 27
2615: 96
2645: 96
3195: 27
561: 52
1840: 5, 122, 34
2699: 52
29: 44, 160, 122, 81, 34, 101, 60, 5, 263, 14
601: 4, 8, 41
1315: 4, 8, 41
2421: 4, 41
3907: 96
1663: 41
2577: 4, 8, 41
2200: 96, 27
3134: 4, 8, 41
1249: 4, 8, 41
3859: 96
1872: 48
3480: 52
1893: 96
2107: 4, 8, 41
1782: 4, 8, 41
2833: 52
553: 48
3142: 27
4025: 48
2835: 48
765: 4, 8, 41
3991: 48
803: 41
3892: 8
482: 48
3974: 27
1131: 96
1617: 4, 8, 41
2955: 27
3098: 48, 27
2838: 4
381: 4, 8, 41
2184: 4, 8, 41
3527: 27, 96
554: 4, 8, 41, 2051, 21
97: 122, 5
3818: 52
1924: 27
2929: 48, 27
4010: 27
3973: 48
1675: 4, 8, 41
4111: 27
846: 4, 8, 41
4061: 96
2976: 48
924: 41
2153: 27
2164: 48
289: 4, 27, 41
1689: 122, 34, 5, 44
3851: 52
2507: 52
2024: 27
2125: 48, 4, 8, 41
2419: 27
2898: 48
2893: 27, 96
2460: 27
1192: 4, 8, 41
3504: 48
3772: 27, 48
3115: 96, 201, 48, 27
3766: 48
3354: 27
2014: 48, 4, 8, 41
823: 27, 4, 8, 41
2188: 48, 96, 27
457: 41, 21, 44, 336, 81, 14, 160, 122, 8, 34, 218, 307, 60, 101, 5
3082: 96
3796: 8
1742: 4, 8, 41
945: 8
3594: 48
296: 4, 8, 41
2166: 48, 4, 8, 41
1220: 4, 48, 8, 41
2967: 52
230: 34, 101, 5, 122
82: 218, 307, 60, 101, 8, 5, 41, 44, 336, 14, 21, 160, 122, 81, 34
1562: 27, 96
2565: 27
2910: 48
3919: 96
3877: 27
791: 4, 8, 41
2824: 48
4042: 27
1212: 4, 41
1570: 4, 8, 41
1253: 4, 8, 41
1527: 52
1141: 4, 8, 41
3266: 48
929: 4, 8, 41
1391: 4, 8, 41
1243: 52
1282: 52
2959: 41
627: 4, 8, 41
376: 34, 101, 5, 122
1337: 27, 48
233: 4, 27, 8, 41
4098: 48
1145: 4, 8, 41
3868: 96
1295: 96
1460: 4, 8, 41
2343: 96
552: 4, 218, 8, 41, 21
1405: 4, 8, 41
3759: 96, 48
572: 4, 27, 8, 41
2387: 48, 4, 8, 41
1000: 4, 8, 41
2369: 52
201: 3115, 2980, 3927, 2608, 3399, 3899, 2973, 200, 3034, 8, 1743, 2971, 3948, 3797, 3135, 1456, 4066, 2830, 3049, 2678, 2094, 3855, 3170, 1571, 942, 3872, 2922, 3074, 3911, 3997, 2192
3956: 27
3071: 4, 41
2937: 27
3141: 27, 96
1251: 8
3160: 48
1710: 8
3257: 27, 96, 48
1786: 4, 41
3846: 48
3177: 263
3219: 96
1327: 4, 8, 41
990: 48
2779: 4, 8, 41
2049: 34, 5, 122
3046: 48
1844: 8
1474: 4, 8, 41
418: 4, 8, 41
919: 4, 8, 41
1483: 27
1519: 4, 8, 41
966: 4, 8, 41, 21
4005: 27
2911: 27
2430: 27
573: 48
2644: 27
4116: 48
484: 4, 8, 41
1601: 307
2947: 4, 8, 41
3774: 27
2825: 27, 96
426: 122, 34, 101, 5
3842: 96
133: 4, 48, 8, 41
2755: 52
1863: 41
2383: 4, 8, 41, 44
259: 4, 8, 41
1933: 48, 4, 8, 41
3857: 27
3041: 4, 8, 41
3574: 4, 8
2221: 27
2940: 27
1660: 48
1056: 52
3050: 48
3626: 27
2926: 48
475: 5, 122, 8, 34, 101
4093: 96
1878: 96
550: 4, 41
3680: 27
3661: 96
1588: 8
2426: 41
2038: 48
3950: 48
3927: 48, 27, 96, 201
3424: 96
2618: 27
456: 4, 8, 41
2023: 96
2985: 4, 41
1806: 27
2596: 4, 8, 41
1613: 27, 96
384: 5, 122
2288: 4, 8, 41
2063: 4, 8, 41
3276: 27
3945: 48
2165: 4, 8, 41
2942: 48
691: 27
2745: 4, 41
3611: 27
3039: 27
2332: 4, 8, 41
2977: 27
1331: 4, 8, 41
2204: 27
2859: 48, 4, 8, 41
1147: 4, 8, 41
4125: 27
2831: 52
3739: 48
2907: 218
3120: 48
646: 48, 27
367: 4, 8, 41
3643: 48
161: 5, 160, 122, 81
2480: 48
1040: 27, 96
1227: 4, 8, 41
2879: 48
2388: 52
3765: 122
579: 4, 8, 41
2244: 4, 8, 41
4044: 96
2591: 52
4083: 27
2035: 4, 8, 41
2341: 27
3048: 48
2406: 52
2324: 48
3893: 96
2917: 4, 41
1953: 52
643: 34
1914: 4, 8, 41
3852: 96, 27
2275: 27
568: 101, 5, 14, 160, 122
4079: 27
2987: 4, 41
3975: 48
95: 96
1639: 101, 5
1394: 4, 8, 41
2136: 52
2484: 48
1427: 52
766: 8
3909: 48
684: 27
2560: 4, 8, 21
2870: 4, 8
1942: 41
2647: 48
2625: 27
448: 4, 8, 41
2190: 263, 160, 8, 41
2327: 48, 4, 8, 41
1463: 27
1250: 4, 8, 41
4108: 27
3802: 52
2868: 27, 96
3238: 52
2862: 48
2975: 48
3905: 8
2416: 48
3605: 96
981: 4, 8, 41
1047: 8
2342: 52
2464: 52
518: 27
3856: 27
4122: 48
2218: 4, 8
1866: 4, 48, 8, 41
3819: 96
2666: 48
1161: 4, 8, 41
1896: 4, 8, 41
523: 27
1127: 4, 8, 41
451: 8
2962: 4, 41
2950: 27
3494: 48
1138: 4, 8, 41
913: 4, 8, 41
905: 4, 8
2814: 48
3056: 27
2002: 4, 8, 41
3581: 27
3263: 48
47: 48
288: 101, 5, 122, 81, 34
2148: 48
2944: 27, 8
4123: 48
562: 4, 8, 41
584: 4, 8, 41
3246: 48
2062: 27
423: 4, 41
2681: 4, 8, 41
196: 4, 8, 41
2847: 48, 27
1662: 4, 8, 41
2273: 4, 8, 41
504: 4, 8, 41
960: 4, 8, 41
2011: 4, 8, 41, 81
1193: 27, 48, 96
2999: 48
4086: 96
2440: 4, 8, 41
2217: 4, 8, 41
3873: 27
2026: 96
1711: 48
4034: 27
200: 52, 48, 943, 27, 96, 201
224: 4, 8, 41, 218, 21
3664: 27
1620: 52
2608: 48, 943, 27, 96, 201, 52
3995: 27
872: 4, 8, 41
560: 27
3622: 48
3733: 81
1080: 4, 8, 41
575: 48
741: 4, 8, 41
4074: 48
507: 48
541: 4, 8, 41
1903: 48
3356: 48, 27
2420: 4, 41
2826: 101, 8, 5, 41, 218, 336, 60, 21, 44, 160, 122, 81, 34
2939: 27
2872: 27
2050: 4, 41
847: 4, 8, 41
3403: 27
3996: 48
2313: 52
4036: 96
1962: 4, 8, 41
4110: 48
1362: 4, 8, 41
1551: 48
547: 4, 8, 41
874: 122, 41
3302: 27
1129: 4, 8, 41
3059: 4
1194: 4, 8, 41
272: 52
1784: 4, 8, 41
3069: 96
1219: 4, 8, 41
2969: 27
3296: 48
187: 122, 81, 34, 101, 5
849: 4, 8, 41
1873: 52
2932: 307
1009: 48, 27
4056: 48
1278: 4, 8, 41
1166: 4, 8, 20, 41
987: 52
431: 14
2869: 27, 96
2231: 27, 52
2037: 4, 8, 41
1678: 4, 8, 41
1769: 5, 122, 34, 101
1280: 52
3284: 48
3990: 27
2003: 52
54: 4, 8
1361: 27
2189: 41
295: 4, 8, 41
49: 4, 8, 41
3203: 48
3826: 27, 96
2109: 4, 8, 41
2945: 27
3673: 52
2088: 4, 8, 41
2040: 48
221: 52
3620: 96
1258: 8
2600: 96
2028: 4, 8
4102: 96
1699: 8
4070: 27
4090: 96
3783: 27
1324: 4, 8, 41
2941: 96
4006: 48
3941: 48
1520: 52
3061: 48
3565: 27
1746: 4, 8, 41
2192: 52, 48, 27, 96, 201, 943
2669: 96
2997: 27
2706: 27
2048: 4, 8, 41
129: 4, 8, 41
2431: 4, 8, 41
237: 27
2110: 4, 41
1831: 34, 101, 5, 263
2214: 48
3977: 48
1036: 52
3047: 48
522: 4, 8, 41
3825: 27
912: 8
2841: 4
3319: 48
2219: 4, 8, 41
2435: 4, 48, 8, 41
3955: 96
3003: 27
618: 96
2952: 27
3817: 48
3853: 27, 96
797: 48
3029: 48
1030: 4, 8, 41
3625: 52
3080: 27
1185: 4, 8, 41
707: 4, 8, 41
3076: 27
3838: 27
586: 4, 8, 41
1417: 8
2298: 4, 8, 41
332: 4, 41
1389: 27
3635: 27
728: 96, 27
2866: 27
2905: 4, 41
2995: 27
2211: 27
4016: 27
1114: 96, 27
2216: 4, 8, 41
1180: 52
1565: 52
580: 4, 8, 41
3042: 48
3900: 48
593: 48, 27, 96
2915: 27
433: 8
3800: 48
342: 4, 8, 41
1102: 73
1829: 4, 8, 41
3805: 27
1436: 307, 8
813: 4, 8, 41
3016: 4, 8, 41
2098: 96
4035: 96
2116: 27
2589: 52
1627: 4, 8, 41
3040: 48
1516: 4, 8, 41
3809: 27, 96
4064: 48
1785: 4, 8
3762: 48
4095: 48
2726: 4, 8, 41
3913: 27
3213: 27
4063: 27
167: 96
2867: 27
1399: 101, 5, 122
1052: 4, 8, 41
755: 27
1554: 27
2856: 52
2133: 52
3860: 48
1371: 4, 8, 41
4008: 48
2901: 48
1139: 4, 8, 41
3983: 27
2949: 27, 96
3559: 96
2542: 4, 27, 8, 41
1173: 48, 4, 8, 41
2881: 96
3066: 27
940: 48
4084: 27
1750: 4, 8, 41
369: 27, 96
1795: 4, 8, 41
1344: 4, 8, 41
3763: 48
303: 48, 8, 41
3383: 96
1891: 96
1883: 4, 8, 41
492: 4, 8, 41
2874: 48
4105: 48
444: 4, 8, 41
1254: 4, 8, 41
2951: 27
845: 4, 8, 41
1064: 27, 96, 48
747: 4, 8, 41
2438: 4, 8, 41
2289: 4, 8, 41
396: 27, 96
578: 4, 8, 41
4081: 27
3748: 48
1387: 27
137: 4, 8, 41
1512: 4, 8, 41
1767: 27
2852: 52
1964: 41
2855: 27
3038: 48
756: 4, 8, 41
1842: 41
1095: 48
4120: 96
2473: 27
422: 8
1252: 4, 8, 41
2524: 27
2789: 48
3478: 96
1383: 4, 8, 41
309: 4, 8, 41
3844: 27
2471: 48
4015: 96
2130: 4, 8, 41
3738: 27
2984: 48
1996: 4, 8, 41
1615: 27
2131: 48
2407: 27
669: 4, 8, 41
2568: 48
2696: 4, 8
403: 4, 8, 41
4062: 48
1004: 4, 8, 41
2876: 27, 96
310: 4, 8, 41
3389: 48
1636: 4, 8, 41
2056: 96
2187: 34, 5
1686: 52
3077: 27
1063: 4, 41
1721: 4, 8, 41
3155: 27, 96
3070: 4
3045: 96
3789: 48
3004: 4, 41
3054: 48
941: 4, 8, 41
2928: 4, 41
2047: 96
4054: 27
3052: 4, 41
2817: 27
3936: 48
158: 96
1043: 4, 8, 41
3345: 8
3902: 48
1031: 122, 34, 5
2008: 52
1817: 4, 8, 41
3186: 96
943: 2608, 200, 3253, 2996, 8, 3732, 3502, 2908, 2798, 3971, 2782, 3883, 2315, 1082, 2830, 1261, 2678, 942, 3179, 3872, 1350, 2980, 3515, 2513, 1623, 3970, 2192, 445
4060: 96
2120: 27
4012: 52
1680: 4, 8, 41
1553: 4, 8, 41
2934: 27
2736: 27
2803: 27
118: 48, 4, 8, 41
447: 52
1819: 8
3079: 96
3985: 27
3808: 48
2873: 48, 96
3874: 48, 27
2396: 27
2834: 27
3937: 27
1490: 27
2958: 4, 8, 41
76: 4, 8, 41
3020: 27
2159: 4, 8, 41
3012: 27, 96
2924: 27
2197: 27
2877: 27
2968: 27
826: 4, 8, 41
871: 27
1489: 48
2960: 27
548: 4, 8, 41
2622: 4, 8, 41
1614: 41
2228: 48
833: 4, 8, 41
185: 4, 8, 41
3934: 27
4094: 96
2458: 41
486: 96
2878: 27
2978: 27
524: 4, 8, 41
3723: 48
2260: 27
382: 27
2082: 48
2271: 52
2845: 4, 41
2058: 4, 41
3571: 48, 96
1525: 4, 8, 41
2245: 4, 41
843: 41, 122
2762: 27
2592: 4, 8, 41
2544: 48, 27
3013: 48
1437: 8
2101: 4, 8, 41
3476: 4, 41
2581: 27
1208: 4, 48, 8, 41
2064: 52
1729: 96
2988: 27
840: 4, 8, 41
2463: 48, 4, 8, 41
3102: 27
2543: 27
2787: 4, 8, 41
3489: 41
3084: 52
1077: 4, 8, 41
2018: 4, 8, 41
3058: 48
3885: 27
2920: 48
1381: 4, 8, 41
1752: 4, 8, 41
4041: 48
2330: 48
2848: 48, 27
621: 48
4030: 4, 41
390: 4, 8, 41
903: 52
3794: 48
649: 4, 8, 41
2242: 27
126: 4, 8, 41
454: 4, 8, 41
976: 5, 41
3754: 27
2719: 48
3931: 96
1486: 4, 8, 41
4088: 48
2092: 48
2759: 48
2126: 4, 8, 41
2775: 52
3145: 96
1214: 4, 8, 41
1094: 4, 48, 8, 41
790: 27
2039: 218, 4, 41
4119: 27
238: 4, 8, 41
3848: 96
2963: 96, 27
1749: 52
198: 4, 8, 41
1374: 8
2485: 48
2483: 52
2261: 96
1182: 4, 8, 41
2338: 8
2974: 27
3804: 96
278: 4, 8, 41
3896: 48
515: 4, 8, 41
2162: 4, 8
3249: 48
882: 52
2449: 48
1372: 5, 41
2470: 4, 8, 41
353: 4, 8, 41
983: 27
3958: 48
2953: 27
2981: 48
1931: 4, 8, 41
3850: 27
2857: 27
3866: 48
3790: 27
1188: 48
1021: 4, 8, 41
465: 27
2764: 27
3932: 48
2374: 4, 8, 41
2832: 4, 41
2632: 4, 27, 8, 41
2704: 48
255: 52
145: 48
3560: 27
182: 4, 8, 41
397: 4, 8, 41
2091: 4, 8, 41
120: 27
2424: 4, 8, 41
3898: 48
3776: 8
1775: 96
2268: 4, 8, 41
2992: 27
1641: 27
2743: 48
3308: 48
2114: 4, 8, 41
2139: 4, 41
3743: 48
3067: 27
682: 8
2821: 27
534: 27
3969: 96
3274: 27
3880: 48
1058: 48
2889: 27
2923: 96
2394: 48, 4, 8, 41
2135: 48
1792: 8
2842: 48, 27
4085: 96
109: 4, 8
2654: 96
3999: 48
1388: 27, 96
2936: 27
2883: 27
253: 27
2321: 4, 8, 41
1401: 4, 8, 41
3780: 27
861: 4, 8, 41, 81
2503: 4, 41
1758: 27
2661: 48
2839: 4, 8
3396: 4, 8
2885: 96
542: 4, 8, 41
3033: 48
2398: 48
3024: 52
4104: 27
2624: 48
2069: 4, 8, 41
2134: 27
1022: 48
2604: 218, 175, 336, 361
931: 4, 8, 41
1797: 4, 8, 41
2823: 48
3083: 96
2115: 4, 27, 41
2093: 4, 8, 41
2983: 27
415: 27, 8
2921: 52
3908: 96
1609: 96
4026: 52
125: 4, 8, 41
1748: 27
2370: 27
3697: 96
388: 4, 8, 41
3839: 96
3292: 27
3176: 48
449: 4, 8, 41
751: 4, 8, 41
1955: 52
1716: 4, 8, 41
2208: 48
177: 4, 8, 41
2017: 4, 8, 41
193: 4, 8, 41
3451: 27
4021: 48
2149: 27
2380: 4, 8, 41
1326: 4, 8, 41
1884: 27
736: 4, 8, 41
2070: 27
3021: 96
3869: 48
1800: 27
3926: 48
3960: 27
429: 96
1236: 4, 8, 41
3768: 96
2737: 4, 8, 41
3953: 27
3114: 48
3206: 48
321: 52
2296: 48
2887: 4, 41
1024: 4, 48, 8, 41
4075: 27
1411: 27, 96
3492: 96
762: 122, 8, 5
4020: 27
1357: 4, 8, 41
247: 52
2671: 48
3984: 48
2860: 41
1026: 4, 8, 41
2269: 48
1117: 4, 8, 41
984: 52
2897: 4, 8, 60, 160, 81
4103: 48, 27
222: 48
761: 4, 8, 41, 122
2946: 4, 21
2086: 4, 41
1846: 52
1310: 4, 8, 41
3051: 96
1289: 4, 8, 41
1008: 4, 8, 41
2694: 4, 8, 41
333: 48
378: 48, 4, 8, 41
3007: 96
1240: 4, 48, 8, 41
3871: 96
536: 48, 27, 96
164: 4, 8, 41
2171: 52
3912: 48, 27
4019: 48
152: 4, 8, 41
3272: 48, 27
818: 52
1408: 4, 8, 41
3062: 48
4078: 48
1524: 27, 52
591: 4, 8, 41
3865: 96
3964: 48
3814: 27, 96
3180: 48
535: 4, 8, 41
703: 4, 8, 41
959: 27
1805: 48
3623: 4, 8
1948: 4, 8, 41
2180: 52
3505: 81
2619: 4, 8, 41
3957: 27, 96
1509: 73
1284: 27
2679: 4, 8, 41
619: 27
277: 4, 8, 41
1108: 4, 8, 41
3888: 48
1916: 4, 8, 41
297: 27
3760: 52
2925: 52
3548: 4
3555: 48
262: 4, 8, 41
2362: 48
1113: 48
947: 4, 8, 41
3260: 27
225: 27
3935: 48
1881: 27
2175: 4, 8
3827: 48
1088: 4, 8, 41
131: 41
2441: 27
3824: 8
2043: 52
1954: 48
2563: 27
4023: 48
4048: 52
3976: 27
3454: 48
2252: 4, 8, 41
3889: 96
3806: 48
3670: 48
2412: 41
72: 4, 8, 41
2041: 27
3849: 8
2930: 48
401: 4, 8, 41
1376: 52
3068: 27
3014: 27
3008: 4, 41, 8
1526: 48
1306: 27
2152: 4, 41
625: 4, 8, 41
4109: 27
3073: 48
3563: 27
1314: 27
3282: 96
2089: 4, 8, 41, 218, 21
2689: 27
3715: 27
1272: 27, 96
3834: 48
51: 4, 8, 41
3938: 48
1995: 52
3000: 48
3149: 218
3190: 48
4117: 27
1487: 48
1905: 4, 8, 41
2328: 4
2888: 27
3036: 96
2894: 52
512: 27
3954: 27
2904: 4, 41
373: 96
2534: 52
1860: 27
212: 4, 8, 41
2902: 48
2729: 4, 8, 41
3828: 48
1328: 4, 8, 41
2295: 52
2030: 4, 41
3786: 48
3303: 96
2785: 52
2687: 52
3940: 52
2280: 4, 41
975: 27, 48
2067: 52
3773: 96
2478: 27
30: 4, 8, 41
1106: 27, 48
2783: 52
1392: 4, 8, 41
215: 4, 8, 41
3072: 48
419: 4, 8, 41
2844: 218
4050: 27
2891: 27
695: 48, 8
887: 4, 8, 41
3154: 27
936: 4, 8, 41
701: 8, 4, 41
3943: 96
1610: 27
1691: 4, 8, 41
2684: 27
1264: 8
531: 4, 8, 41
2861: 27
2916: 27
3399: 48, 201
3659: 4
3959: 27
1503: 4, 8, 41
1603: 27
365: 96
2334: 96
1215: 4, 8, 41
4073: 48
2068: 52
3011: 160, 14
1757: 4, 8, 41
4082: 96
1400: 4, 8, 41
7: 4, 8, 41
842: 27, 96
1638: 41
2027: 96
3198: 27
4113: 48
3078: 4, 41
1128: 52
3986: 27
245: 4, 8, 41
1528: 4, 41
1291: 27
3053: 52
2147: 4, 8, 41
3547: 41
4055: 27
2965: 96
1642: 96
2417: 48
1333: 4, 8, 41
629: 4, 8, 41
4124: 48
3015: 96
3242: 48
1221: 4, 8, 41
503: 48
3253: 943
2846: 218, 4, 41
3333: 48
4069: 27
3920: 27
1874: 27
2482: 48
3475: 4, 41
3044: 48
4028: 27
838: 4, 8, 41
1078: 27, 96
3881: 48
4018: 27
2701: 96
3923: 48
159: 4, 8, 41
917: 4, 8, 41
3387: 48
2964: 27
658: 4, 8, 41
313: 96
2864: 4, 8, 41
4072: 48
33: 4, 8, 13, 41, 81
2954: 27
3085: 48
3043: 96
1851: 8
1247: 4, 8, 41
421: 4, 8, 41
42: 4, 8, 41
3121: 48
2996: 943
363: 4, 8, 41
4014: 27
2520: 27, 96
2078: 27
3785: 96, 27
2849: 218
1375: 4, 8, 41
1480: 4, 8, 41
2648: 48
3812: 27
2205: 41
4040: 27
3897: 8
2194: 27
3775: 27
805: 4, 8, 41
2850: 27
3651: 48
1892: 4, 8, 41
2627: 122
2034: 4, 8, 41
398: 4, 8, 41
1828: 8
2993: 27
3801: 27
1307: 4, 8, 41
2909: 27
3821: 27
427: 4, 8, 41
407: 4, 8, 41
1700: 8, 14
4067: 27, 96
1123: 4, 8, 41
4058: 48
2281: 52
2808: 27
1186: 52
3037: 96
1539: 52
3174: 48
2688: 34
2118: 4, 8, 41
2919: 27
1151: 4, 8, 41
1420: 27
2539: 27
792: 48
3925: 96
3019: 27
2728: 27
1657: 4, 8, 41
1556: 52
3782: 96
3674: 48
3928: 96
1727: 52
2606: 48
3861: 27
1915: 48
1908: 27
111: 27
3981: 27
2982: 48
1559: 27
1042: 27
2450: 4, 8, 41
3482: 96
731: 4, 8, 41
3595: 4, 41
1464: 4, 8, 41
1476: 27
2247: 4, 41
2652: 48
3813: 48
3836: 96
3090: 307
1939: 27
3916: 48
1136: 4, 8, 41
750: 4, 8, 41
3270: 4, 41, 21
4100: 96
2032: 4, 8, 41
892: 4, 8, 41
3544: 48
4097: 48
4106: 27
4121: 48
1653: 48
2230: 27
1632: 48
4000: 27
3539: 48
3899: 201
801: 41
2224: 4, 41
3816: 8
4037: 27
525: 4, 8, 41
1143: 52
445: 4, 8, 41, 21, 943
3867: 48
4029: 48
2084: 4, 8, 41
2903: 48
2498: 52
2906: 27, 96
4004: 48
1992: 52
705: 4, 8, 41
1542: 96
2990: 4, 8, 41
199: 4, 8, 41
4047: 48
3870: 48
895: 48
3171: 48
571: 48
2504: 4, 8, 41
502: 4, 8, 41
3132: 96
4013: 96
916: 48
1703: 4, 8, 41
1753: 52
998: 27
3010: 27
505: 4, 8, 41
1568: 27
2663: 27
2705: 4, 8, 41
3837: 27
2437: 48
4045: 48
2752: 52
3532: 48
3894: 27
2142: 27
2994: 48
387: 4, 8, 41
1110: 48
3293: 48
2181: 4, 8, 41
2913: 52
1832: 8
2683: 27
2973: 201
1356: 52
2290: 27
3788: 27
2191: 27
2113: 4, 8, 41
2571: 52
1607: 52
858: 4, 8, 41
3104: 48
1616: 4, 8, 41
2376: 52
2718: 307
2145: 27
1672: 27
3823: 48
3057: 4
991: 4, 8, 41
3829: 48
3952: 27
2668: 4, 8, 41
2033: 4, 41
2042: 4, 8
1491: 52
1016: 4, 8, 41
2761: 48
2025: 27
1566: 4
4087: 27
622: 4, 8, 41
2603: 96
4027: 27
1577: 8
2741: 27
2840: 21
3666: 48
3886: 27
3031: 4, 8, 41
2912: 27
1977: 27
2523: 96
3831: 27
4003: 48
1035: 27
1550: 4, 8, 41
2308: 4, 41
2373: 27
2367: 52
3212: 96
2586: 52
1167: 4, 8, 41
1384: 48
2161: 4, 8, 41
4024: 48
3747: 27
1658: 4, 8, 41
2291: 52
3305: 27
4112: 27
2516: 48
1970: 4, 8, 41
3685: 48
3325: 48
1898: 27
414: 27
1965: 27
511: 4, 8, 41
3904: 52
3933: 96
2100: 52
4092: 48
2914: 4, 21
3966: 27
1366: 4, 8, 41
946: 4, 8, 41, 81
464: 4, 8, 41
89: 4, 8, 41, 73
3216: 96
3063: 4, 8, 41
2553: 52
1133: 4, 8, 41
1178: 34
3: 4, 8, 41
1072: 4, 8, 41
4107: 48
3903: 27
2966: 48
2892: 48
2140: 4, 8, 41
1041: 4, 8, 41
2354: 52
1593: 8
3365: 27
2630: 27
721: 4, 8, 41
2029: 96
4114: 52
4096: 48
796: 27
3854: 96
2103: 4, 41
4089: 96
4101: 27
4057: 27
4052: 96
2304: 48
2016: 4, 8, 41
2956: 41
1744: 4, 8, 41
3807: 27
529: 4, 8, 41
2445: 96
3735: 96
3791: 27
708: 4, 8, 41
1888: 48
2769: 48
3023: 96
1885: 48
11: 4, 8, 41
3784: 27
3967: 48
2099: 4, 8, 41
2763: 96
1245: 4, 8, 41
1352: 96, 27
192: 4, 8, 41
3237: 48
1505: 4, 8, 41
2715: 48, 8
1983: 4, 8, 41
3034: 201
2717: 4, 8, 41
1921: 4, 8, 41
3917: 96
3963: 4, 41
2871: 27
1583: 52
2487: 27
514: 4, 8, 41
4071: 27
3951: 96
3267: 4, 41
1911: 48
3009: 48
470: 4, 8, 41
2837: 27
3109: 48
2251: 8
2641: 8
764: 8
3247: 8
2179: 8
3431: 8
3327: 8
3676: 8
1635: 8
1514: 8
533: 8
775: 8, 73
50: 8, 5, 122, 101, 34
2496: 8
1370: 8
1934: 8
985: 8
2664: 8
3487: 8
1241: 8
2265: 8
3425: 8
589: 8
3718: 8
3202: 8
3130: 8
600: 8, 41
55: 8
3597: 8
1763: 8
830: 8, 73
1549: 8
893: 8, 101
162: 8, 34
3108: 8
370: 8
119: 8
2005: 8
856: 8
1446: 8
1739: 8, 41
3182: 8
1545: 8
1596: 8
1500: 8
2732: 8
3465: 8
674: 8
3189: 8
1365: 8
2703: 8
3415: 8
2593: 8
4032: 8
3110: 8
581: 8
1439: 8
1688: 8, 5
65: 8
1917: 8
2716: 8
864: 8
631: 8
2554: 8
1323: 8
1235: 8
666: 8
3511: 8
1007: 8
738: 8
1637: 8
3569: 8
3226: 8
3341: 8
952: 8
371: 8
2537: 8
3708: 8
2564: 8
183: 8, 101
1668: 8
3483: 8
74: 8
191: 8, 73
3256: 8
1386: 8
1467: 8
3390: 8
2301: 8
2662: 8
543: 8
1816: 8
3575: 8
930: 8
3479: 8
3596: 8
3998: 8
2232: 8
3646: 8
995: 8
3609: 8
1523: 8
1621: 8
863: 8, 73
380: 8
165: 8
1116: 8
2786: 8
3119: 8
2410: 8
71: 8
2127: 8
848: 8
3271: 8
3564: 8
1152: 8, 5
1296: 8
2518: 8
1530: 8
3717: 8
2801: 8
3507: 8
75: 8
2141: 8
3459: 8
1209: 8, 34
4076: 8
435: 8
2766: 8
1339: 8
3606: 8
3471: 8
2333: 8
671: 8
290: 8
609: 8
1825: 8
244: 21
628: 8
114: 8
854: 8
2810: 8
774: 8, 5
77: 8, 5, 34, 122, 101, 78
3687: 8
1380: 8, 5
389: 8
1980: 8
443: 8
1345: 8, 101
179: 8, 101
1406: 8, 101
2169: 8
1950: 8
476: 8
2753: 8
1777: 8
3618: 8
3374: 8
3725: 8
1969: 8
1606: 8, 73
1926: 8
351: 21
1132: 8
1968: 8, 41
1155: 8, 73
727: 8, 78
463: 8
3126: 8
3093: 8
1827: 8
2183: 8
3315: 8
1690: 8
1731: 8, 44
3627: 8
2097: 8
1760: 8
3436: 8
2468: 8
1130: 8
1676: 8
1159: 8, 41
2501: 8
1692: 8
700: 8
1947: 8, 101
3503: 8
1765: 8
2185: 8
2278: 8
2750: 8
3223: 8
299: 8
3353: 8
1090: 8
3613: 8
3313: 8
798: 8
3394: 8
3261: 8
383: 8
2085: 8
3414: 8
1369: 8
3634: 8
1351: 8
2167: 8
3322: 8
3734: 8
687: 8, 5
3185: 8
385: 8
3524: 8
3656: 8
2685: 8
3122: 8
3584: 8
3423: 8
3378: 8
1848: 8
2151: 8
58: 8
3393: 8
140: 8, 34
2494: 8
3429: 8
298: 8
1974: 8
3580: 8
934: 8
3721: 8
2213: 8
330: 8
802: 8
1887: 8
1956: 21
2780: 8
138: 8
1681: 8
1985: 8, 34
3388: 8
2350: 8
103: 8, 101
206: 8, 5
3512: 8
3410: 8
2815: 8
3543: 8
860: 8
793: 8
1626: 8
1158: 8
653: 8
2635: 8
3401: 8
2274: 8
819: 8
2540: 8
804: 8
1148: 8
989: 8
306: 8
1210: 8
2250: 8
1354: 8, 34
3497: 8
3467: 8
1107: 8
459: 8
3536: 8
3614: 8
3337: 8
2562: 8
2646: 8
3329: 8
3701: 8
702: 8
1790: 8
594: 8, 73
105: 8
2607: 8
1246: 8
555: 8
2546: 8
1274: 8
706: 8
3506: 8
902: 8
9: 8
2300: 8
3579: 8
915: 8
1682: 8, 101
1919: 8
2209: 8
2727: 8
1719: 8
1224: 8
3285: 8
3089: 8
174: 8, 5
402: 8, 34
410: 8, 5
3438: 8
806: 8
1422: 8
2429: 8
1395: 8
1928: 21
556: 8
2712: 8
3750: 8
1875: 8
894: 8
1089: 8
1631: 8
3298: 8
3334: 8
2272: 8
1683: 8
528: 8
2277: 8
3603: 8
2700: 8
3136: 8
724: 8
566: 8
308: 8
988: 8
509: 8
3279: 8
908: 8
676: 8
1781: 8
3608: 8
620: 8
1271: 8
1091: 8
3281: 8
340: 8
1454: 8, 41
1990: 8
759: 8
1697: 21
3533: 8
3650: 8
3092: 8
3317: 8
551: 8
2506: 8
3493: 8
393: 8
911: 8
2626: 8
31: 8
2256: 8
963: 8, 41
557: 8, 60, 160
873: 8
1633: 8
3461: 8
2555: 8
2036: 8
3377: 8
1870: 8
283: 8
1920: 8
1574: 8
2331: 8, 41
3335: 8
1309: 8, 73
2258: 8
564: 8
3363: 8
154: 8, 81, 5, 34, 122, 101, 78
2302: 8
2409: 8
2598: 8
3382: 8
2004: 8
3362: 8
1705: 8
2293: 8
1612: 8
1575: 8
1849: 8
2079: 8
2573: 8
773: 8
3703: 8
1248: 8
3210: 8
1453: 8
1647: 8, 122
3695: 8
1313: 8
2177: 8
2154: 8
521: 8
1634: 8
726: 8
1441: 8
1701: 8, 101
2351: 8
3573: 8
339: 8
3578: 8
897: 8
2377: 8
2720: 8
3440: 8
209: 8
3713: 8
746: 8
2522: 8
3702: 8
817: 8
1774: 8
2253: 8, 41
3309: 8
2675: 8
1266: 8
604: 8, 101
811: 8
3567: 8
1424: 8, 101
3107: 8
3481: 8
40: 8
3419: 8
2348: 8
2656: 8
1353: 8
602: 8
2009: 8, 5
1191: 8
2122: 8
3352: 8
3722: 8
1811: 8
2418: 8, 44
3148: 8
2439: 8
2609: 8
468: 8, 5
2299: 8
2339: 8
3146: 8
2526: 8
1263: 8, 34
3336: 8
712: 8
1788: 8, 73
2123: 8
3166: 8
2368: 8
2408: 8
1455: 8
3624: 8
3183: 8
1552: 8, 122
3632: 8
3617: 8
2499: 8
379: 8
1195: 8
733: 8
2144: 8
3433: 8
3688: 8
2442: 8
1845: 8
357: 8, 73
1318: 8
3178: 8
520: 8
234: 21
3194: 8
3421: 8
828: 8, 122
2818: 8
1071: 8
1364: 8
1449: 8
1713: 8
1814: 8
2452: 8
3222: 8
1287: 8, 73
1038: 8
3526: 8
2366: 8
3391: 8
153: 8
1555: 8
2525: 8
364: 21
1196: 8
1841: 8
1877: 8
2491: 8
3290: 8
3380: 8
223: 8
832: 8
3474: 8
753: 8
1799: 8, 73
1922: 8
2080: 8
2399: 8
1608: 8
1998: 8
3882: 8
1142: 8
2545: 8
1165: 8
1981: 21
1581: 8
3727: 8
1591: 8
3416: 8
155: 8
1714: 8
749: 8, 34
689: 8
3367: 8
2674: 8
3328: 8
637: 8
1854: 8
3736: 8
1925: 8, 122
3326: 8
2809: 8
2337: 8
2512: 8
163: 8
2490: 8
2054: 8
3397: 8
1207: 8
599: 8
2090: 8
1297: 8, 122
1759: 8
3312: 8
258: 8
2620: 8
1069: 8
280: 8
3404: 8
1300: 8
1986: 8
1134: 8
3583: 8
3167: 8
1597: 21
3113: 8
2356: 8
1852: 8
2724: 8
1871: 8
2312: 8
3649: 8
3696: 8
455: 8
2413: 8
615: 21
2819: 8
1771: 8
2323: 8
1163: 8
1594: 8
2240: 8
3231: 8
1190: 8
88: 8
1478: 8
1745: 8
2461: 8
1125: 8
1869: 8
3209: 8
292: 8
87: 8, 5, 122, 78
725: 8
2489: 8
1023: 8
3373: 8
2657: 8
613: 8
1230: 8
2561: 8
3549: 8
1865: 8
409: 8
901: 8
1425: 8
2528: 8
2124: 8
1579: 8
359: 8
713: 8
1222: 8
1079: 8, 5
335: 8
3704: 8
2020: 8
720: 8
1171: 8
3684: 8
3724: 8
883: 8
104: 8
2393: 8
355: 8
1923: 8
1087: 8
1600: 8
2713: 8
2631: 8
368: 8, 101
1590: 8, 160, 60, 5
1184: 8, 21
1275: 8
2310: 8
567: 8, 78
3652: 8
438: 8
2459: 8
1548: 21
3406: 8
3653: 8
3441: 8
2747: 8
500: 8, 5
489: 8
3159: 8
190: 8
1174: 8
1415: 8
3444: 8
870: 8
261: 8, 41
2010: 8
2307: 8
1584: 8
3520: 8
2195: 8
241: 8
820: 8
3712: 8
1146: 8
1993: 8
954: 8
612: 8
3321: 8
1217: 8
437: 8
3562: 8
1303: 8, 5
2150: 8
1502: 8, 101
3409: 8
3550: 8
1204: 8, 41
3657: 8
2570: 8
3740: 8
1226: 8, 34
3411: 8
1984: 8
957: 8
1979: 8, 73
186: 8
1121: 8, 5
2344: 8
2434: 8
2698: 8
3101: 8
1109: 8
1532: 8
538: 8
1495: 8
2472: 8
3711: 8
574: 8
1674: 8, 41
86: 8
499: 8
2235: 8
3254: 8
123: 8, 73
779: 8
264: 8
2202: 8
3681: 8
411: 8
1558: 8
2788: 8
2730: 8
3746: 8
633: 8
2352: 8
3131: 8
3351: 8
1708: 8
2792: 8
3694: 8
1957: 8
2444: 8
2601: 8
197: 21
1944: 8
1737: 8
3128: 8
3232: 8
1452: 8
997: 8
2077: 8
2585: 8
1696: 8
3172: 8
3428: 8
973: 8, 101
436: 8
3600: 8
1398: 8
2628: 8
2072: 8
2007: 8
2427: 8
3644: 8
617: 8
3200: 8
1259: 8
867: 8, 60, 101
585: 8
2733: 8
1858: 8, 73
2800: 8
3420: 8
1112: 8
739: 8
2772: 8
640: 8
956: 8
3196: 8, 41
315: 8, 5
808: 8, 34
3448: 8
1843: 8
1086: 8
3755: 8
1140: 8
28: 8, 5
1801: 8
3366: 8
1886: 8, 122
2551: 8
2773: 8
1586: 8
576: 8
1936: 8
3323: 8
287: 8
1293: 8
626: 8
3473: 8
2578: 8
372: 8
1506: 8
1543: 8
2488: 8
3638: 8
1032: 8
495: 8
2320: 8
1150: 8
3994: 8
99: 8
3679: 8
1561: 8
800: 8
2359: 8
3220: 8
3264: 8
2403: 8
2065: 8
3647: 8
2276: 8
3230: 8
2365: 8
1789: 8
2059: 8
405: 8
3243: 8
3752: 8
1695: 8
2746: 8
3347: 8
3744: 8
1285: 8
1432: 21
2361: 8
3541: 8
933: 8
1257: 8, 122
1343: 8
3417: 8
1707: 8
3395: 8
1181: 8
2163: 8
1726: 8
3188: 8
1533: 8
2467: 8
1485: 8, 41
2319: 8
2530: 8, 41
3486: 8
2623: 8
1850: 8, 34
2768: 8
1084: 21
2497: 8
1823: 8, 122
827: 8
1213: 8, 5
3678: 8
1538: 8
3591: 8
2643: 8
1153: 8
151: 8
961: 8
1396: 8, 5
266: 8, 122
1794: 8, 34
904: 8
3287: 8
1937: 8
3522: 8
3103: 8
1470: 8, 73
2880: 8, 41
3446: 8
62: 8
2382: 8
439: 8
1414: 8, 41
329: 8, 122
1585: 8, 73
1481: 8
678: 8, 101
83: 8
3240: 8
932: 8
1717: 8
1643: 8
2117: 8, 41
3376: 8
293: 8
3637: 8
938: 8, 122
3710: 8
2309: 8
650: 8
651: 8
3615: 8
1294: 8
1260: 8
2128: 8
3577: 8
1458: 8, 34
964: 8
3153: 8
698: 8
2415: 8
284: 8
2686: 8
3357: 8
970: 8
46: 8
257: 8, 73
2390: 8
1499: 8
319: 8
1859: 8
1810: 8
3291: 8
2001: 8
1290: 8
2074: 8
39: 8
2812: 8
3538: 8
1168: 8
1281: 8
1669: 8
2533: 8
1329: 8, 34
2776: 8
544: 8
2457: 8
1958: 8
142: 8
1092: 8
2552: 8
722: 8, 73
570: 8
38: 8
3692: 8
1709: 8
3691: 8
1994: 21
2757: 8
888: 8
517: 8
279: 8, 73
3557: 8
1126: 8
425: 8, 5
2294: 8
3979: 8
1242: 21
1541: 8
2132: 8
3165: 8
2514: 8
3236: 8
1393: 8
92: 8
1342: 8
3331: 8
3204: 8
1605: 8
1320: 8, 34
757: 8
3358: 8
2454: 8
3753: 8
1513: 8
181: 8, 73
90: 8
1798: 8
428: 8, 132
1855: 8
1156: 8, 5
471: 8
286: 8
3310: 8
2173: 8
493: 8, 73
413: 8
1238: 8
2447: 8
2575: 8
1895: 8
211: 8
857: 8
714: 8
1517: 8
356: 8, 60, 160
417: 8
248: 8, 122
3201: 8
2653: 8
1229: 8
1511: 8
61: 8
2751: 8
3443: 8
202: 8
1927: 8
559: 8
1270: 8
347: 8
1853: 8, 122
1202: 8
2357: 8
3737: 8
3294: 8
2521: 8
328: 8
1111: 8
2174: 8
1461: 8, 10
638: 8
1747: 8, 73
3491: 8
3277: 8
3640: 8
1900: 8
1997: 8
3464: 8
1378: 8
478: 8
2353: 8
1754: 8
3665: 8
1880: 8, 5
3599: 8
3278: 8
3716: 8
1103: 8
1237: 8
1856: 8
1824: 8
1813: 8
3348: 8
1791: 8
1494: 8
1105: 8
70: 8
3427: 8
2579: 8
597: 8
2229: 8
2105: 8, 41
1029: 8, 101
2178: 8
880: 8, 122
2236: 8
3259: 8
3439: 8
2659: 8
1118: 8
2597: 8
1262: 8, 101
2462: 8
2364: 8, 41
317: 8, 73
2076: 8
2292: 8
1045: 8
2639: 8
213: 8
2317: 8
141: 8, 41
2665: 8
955: 8, 34
1698: 8
227: 8
3299: 8
3629: 8
754: 8
588: 8
1991: 8
1206: 8
2172: 8
1876: 8
2358: 8
1560: 8
694: 8, 5
1618: 8
323: 8, 60, 101
3628: 8
3095: 8
1930: 8
2053: 8
853: 8
865: 8
3273: 8
305: 8
3088: 8
106: 8
3519: 8
2379: 8
2640: 8
2391: 8
3125: 8
719: 8
294: 8
440: 8
2157: 8
2225: 8
1677: 8, 44
2401: 8
2476: 8
3422: 8
1228: 8, 101
2083: 8
1834: 8
3375: 8
134: 8, 122
1725: 8, 73
1945: 8
1624: 8, 73
537: 8
1299: 8
3087: 8
3648: 8
441: 8, 5
2538: 8
2634: 8
3641: 8
1611: 8
205: 8, 122
1137: 8
2212: 8
3523: 8
2797: 8
2456: 8
1419: 8
3683: 8
207: 21
1025: 8
2285: 8
1761: 8
789: 8
3280: 8
3675: 8
3350: 8
2013: 8
953: 8
3698: 8
2051: 8, 554
2584: 8
1952: 8
2465: 8
1469: 8
3211: 8
1459: 8
1573: 8
822: 8, 41
3585: 8
2559: 8
1475: 8
112: 8
1013: 8, 34
1412: 8, 73
2111: 8
734: 8, 10
2287: 8
184: 8
127: 8, 5, 34, 122, 101, 78
3127: 8
1659: 8
2638: 8
2515: 8
3466: 8
2547: 8, 41
3152: 8
1820: 8
107: 8
1002: 8
1762: 8
2667: 8
2758: 8
3572: 8
3360: 8
1764: 8
2749: 8
3384: 8
2710: 8
592: 8, 34
837: 8
777: 8
490: 8
910: 8
1971: 8
1205: 8
1529: 8
2511: 8
3660: 8
285: 8, 101
3922: 8
3140: 8
1346: 8
1404: 8, 73
466: 8
784: 8
3386: 8
526: 8
1640: 8
2318: 8
1646: 8
2479: 8, 41
3496: 8
1894: 8
1723: 8, 5
3162: 8
2811: 8
730: 8, 5
22: 8
3318: 8
3369: 8
3477: 8
3525: 8
3123: 8
2510: 8, 41
624: 21
2371: 8
3516: 8
3235: 8
1183: 8
1906: 8
680: 8
2778: 8
146: 8
3139: 8
488: 8
3197: 8
327: 8
1544: 8
922: 8
189: 8
3224: 8
3484: 8
1671: 8
1231: 8, 122
2404: 8
4068: 8
2583: 8
3639: 8
2402: 8
3143: 8
603: 8
281: 8
424: 8
2550: 8
662: 8
1003: 8
2492: 8
743: 8, 73
2569: 8
1457: 8, 122
732: 8
688: 8
697: 8
166: 8
1521: 8
974: 8
900: 8, 122
3372: 8
2279: 8
4053: 8
2389: 8
467: 8, 101
3601: 8
3133: 8
1498: 8
2740: 8
2355: 8
3340: 8
1076: 8
1028: 8
1172: 8
2707: 8
1963: 8
729: 8
1496: 8, 73
2594: 8
2927: 8, 44
1273: 21
2610: 8
2722: 8
3612: 8
3117: 8
3552: 8
3616: 8
4077: 8
3509: 8
3379: 8
3450: 8
546: 8
2433: 8, 44
3566: 8
1197: 8
2282: 8
1438: 8
2590: 8
1471: 8
1096: 8
219: 8
1582: 8
1341: 8, 122
1385: 8, 5
3426: 8
358: 8
1162: 8
59: 8
1773: 8
1780: 8
3169: 8
1935: 8
3258: 8
354: 8, 122
12: 8
1448: 8
866: 8, 41
657: 8, 5
479: 8
2262: 8
1265: 21
3449: 8
3452: 8, 41
2536: 8
595: 8, 5
889: 8
2692: 8
909: 8
3161: 8
3553: 8
2239: 8
644: 8
3556: 8
506: 8
1199: 8
3199: 8
3307: 8
3342: 8
3714: 8
1075: 8
1051: 8
3392: 8
1019: 8
3106: 8
1702: 8
337: 8
1978: 8
3749: 8
2071: 8
3529: 8
836: 8
3218: 8
121: 8, 122
614: 8, 122
79: 8, 44
1648: 8
1756: 8
868: 8, 73
1286: 8
1656: 8
1734: 8
3265: 8
598: 8, 41
2248: 8, 41
3091: 8
1367: 8
2385: 8
935: 8
117: 8
3689: 8
3621: 8
1492: 8
2535: 8
635: 8, 73
3730: 8
655: 8
1802: 8
844: 8, 122
715: 8, 41
962: 8
130: 8
1428: 8
3535: 8
1693: 8
2576: 8
2767: 8
1803: 8
1988: 21
3289: 8
2227: 8
67: 8
2207: 8
672: 8
876: 8
2397: 8
1268: 8
944: 8, 34
1430: 8
1322: 8
374: 8
918: 8, 34
565: 8
3668: 8
2649: 8
914: 8
2432: 8
2658: 8
1685: 8
3939: 8
362: 8
1738: 8
3412: 8
1302: 8, 101
2572: 8
2263: 8
3589: 8
1861: 8, 34
3262: 8
3251: 8
2061: 8
1712: 8
1751: 8
2335: 8
841: 8
1450: 8
1359: 8
993: 8, 73
1598: 8
2055: 8
1808: 8
2021: 8, 73
1200: 8, 34
1081: 8
3610: 8
3413: 8
1918: 8
711: 8
3517: 8
1839: 8
458: 8, 34
3472: 8
3731: 8
442: 8
2340: 8
1706: 8
3314: 8
1348: 8
1837: 8
349: 8
404: 8
1599: 8
110: 8
1379: 8
2702: 8, 44
664: 8
3929: 8
3116: 8
1755: 8, 73
1176: 8
1619: 8
1304: 8, 122
3402: 8
681: 8
2168: 8
692: 8
501: 8
825: 8
3456: 8
1440: 8
999: 8, 101
1292: 8
2325: 8
3346: 8
172: 8
1592: 8, 73
481: 8
1413: 8
2267: 8
641: 8
352: 8, 73
3699: 8
2466: 8
1484: 8
885: 8
3655: 8
699: 8
3168: 8
1104: 8
1301: 8
350: 8
2602: 8
3498: 8
2031: 8
2614: 8
1943: 8, 73
582: 8, 101
2381: 8
2143: 8
2680: 8
375: 8
1335: 8
1442: 8
1913: 8
1807: 8
1046: 8, 73
3495: 8
1907: 8
2477: 8
3229: 8
884: 8, 122
660: 8
1037: 8
972: 21
3631: 8
1687: 8
1694: 8, 122
3097: 8
2052: 8
2527: 8
1330: 8, 101
661: 8, 73
1189: 8
758: 8
3234: 8
265: 8
1068: 8, 122
480: 8
3442: 8
3551: 8
450: 8, 122
1277: 8
3268: 8
1665: 8
2326: 8
1960: 8
1564: 8, 101
1557: 8
770: 8
642: 8, 41
3181: 8
1373: 8
1741: 8
3545: 8
855: 8, 34
1124: 8
2650: 8
2756: 8
1462: 8, 41
748: 8
3445: 8
3447: 8
1932: 8, 44
178: 8, 34
3207: 8
3709: 8
3756: 8
718: 8, 101
3742: 8
926: 8
2046: 8
1054: 8
3398: 8
1434: 8
1766: 8
220: 8, 73
1225: 8
3690: 8
2481: 8, 41
1664: 8
3311: 8
1336: 8
2206: 8
3542: 8
3693: 8
771: 8, 10
434: 8
3453: 8
558: 8, 122
1722: 8
3371: 8
769: 8
1403: 8
2019: 21
231: 8
2816: 8
668: 8
2617: 8
3592: 8
809: 8, 34
763: 8
877: 8
1972: 8
2297: 8
2336: 8
491: 8
2771: 8
2744: 8
1363: 8, 41
2599: 8
958: 8
1099: 8, 160, 34, 60
276: 8
1057: 8, 101
824: 8
3588: 8
1160: 8
1630: 8
2170: 8
690: 8
2146: 8
256: 8
2346: 8
670: 8
3269: 8
416: 8
1005: 8
2734: 8
394: 8
243: 8
2160: 8
3225: 8
3434: 8
3173: 8
3488: 8
590: 8, 122, 60
1001: 8
3096: 8
2822: 8
3184: 8
772: 8
994: 8, 101
2580: 8
3537: 8
1017: 8
816: 8
3228: 8
3208: 8
795: 8, 34
1604: 8
3137: 8
3531: 8
3642: 8
2781: 8
1201: 8
3514: 8
395: 8, 101
3561: 8
1821: 8, 73
1319: 8
3658: 8
2557: 8
1546: 8
2012: 8, 122
1547: 8, 73
386: 8, 5
2121: 8
1772: 8
1778: 8
760: 8
2249: 8
3295: 8
1317: 8
663: 8
1050: 8
2791: 8
1654: 8
3191: 8
2303: 8
1510: 8
2384: 8
3118: 8
992: 8
3359: 8
965: 8
1473: 8
2199: 8
583: 8
3741: 8
217: 8, 81
2556: 8
188: 8
147: 8
2642: 8
3370: 8
2223: 8
2283: 8
693: 8
2102: 8
2519: 8
494: 8
477: 8, 78
1628: 8, 73
2500: 8
1508: 8
1055: 8, 5
3607: 8
2182: 8
170: 8
100: 8
3645: 8
1941: 8
1882: 8
2198: 8
2106: 8
268: 8, 122
1360: 21
1407: 8
852: 8, 73
2237: 8
937: 8
786: 8
1255: 8
3460: 8
611: 8
2548: 8
2314: 8
1115: 8
4118: 8
3485: 8
2087: 8
3217: 8
1770: 8, 5
23: 8
3400: 8
1312: 8
1410: 8
229: 8
2316: 8, 44
645: 8
1488: 8
2137: 8
1940: 8
3252: 8
2006: 8
2793: 8
3163: 8
1011: 8
2486: 8
1879: 8
2493: 8
3530: 8
982: 8
3233: 8
1730: 8
2322: 8
2226: 8
1629: 8
1418: 8
3633: 8
3586: 8
978: 8
794: 8, 41, 160
1308: 8
2805: 8
472: 8
2595: 8
3700: 8
148: 8, 101
2660: 8
2349: 8
1901: 8
2451: 8
432: 21
2541: 8
2423: 8
1835: 8
1929: 8
32: 8
2112: 8
1909: 8
787: 8, 34
3598: 8
3158: 8
1661: 8
2549: 8
2738: 8
587: 8, 5
235: 8
630: 8, 10, 21, 122, 34, 101, 5
1652: 8
3338: 8
2616: 8, 41
1589: 8
906: 8
2505: 8
2286: 8, 41
496: 8
1728: 8
2186: 8
1501: 8, 34
3288: 8
3430: 8
3086: 8
169: 8
194: 8
3099: 8
2378: 8
2529: 8
3672: 8
704: 8
781: 8
1334: 8
969: 8
2748: 8
1203: 8
1684: 8, 122
3469: 8
1864: 8, 44
1787: 8
2784: 8
3437: 8
814: 8
331: 8
1776: 8, 73
304: 8
2259: 8
3726: 8
2347: 8
1735: 8
282: 8
3094: 8
3508: 8
2375: 8
1537: 8
3151: 8
2806: 8
3100: 8
2073: 8
1122: 8, 41
3965: 8
3349: 8
343: 8
1904: 8
3364: 8
3306: 8
3175: 8
3147: 8
3193: 8
392: 8
210: 8
400: 8
2000: 8
530: 8
1067: 8, 34
377: 8
18: 8
1479: 8
2203: 8
1644: 8
2517: 8
2695: 8
2210: 8
2611: 8
3361: 8
3705: 8
2813: 8
851: 8, 160, 5
2045: 8
1447: 8
2255: 8
1421: 21
3663: 8
2721: 8
1409: 8
497: 8, 101
686: 8
608: 8
632: 8
1234: 8
1779: 8
1595: 8
1736: 8
391: 8
2266: 8
1014: 8
3381: 8
1515: 8, 41
3435: 8
1423: 8
1897: 8
2725: 8
1857: 8
3518: 8
696: 8
1507: 8
647: 8
3470: 8
2196: 8
1062: 8
2567: 8, 41
2777: 8
925: 8, 34
1493: 8
1006: 8
1305: 8
93: 8
1233: 8
3332: 8
2672: 8
1048: 8
3283: 8
325: 8, 122
1578: 8
3129: 8
1170: 21
2709: 8
1426: 8, 5
3339: 8
3468: 8
2220: 8
1796: 8
1358: 8
348: 8
2119: 8
3297: 8
3671: 8
2246: 8
1390: 8
886: 8
2155: 8
68: 8
1443: 8
3150: 8
1804: 8, 73
2637: 8
780: 8
2690: 8
2708: 8
3227: 8
2566: 8, 44
616: 8
3669: 8
1847: 8
3619: 8
527: 8
2311: 8
346: 8, 34
1157: 8
810: 8, 101
1018: 8
324: 8
2392: 8
1101: 8
1622: 8, 5
2215: 8
1074: 8
460: 8
3490: 8
1429: 8, 122
812: 8
483: 8, 73
921: 8
2532: 8
850: 8, 73
1667: 8
1269: 8
3667: 8
1982: 8
239: 8
1902: 8
2284: 8
318: 8
815: 8
3576: 8
1179: 8
835: 8
498: 8
1073: 8, 101
634: 8
2795: 8
3534: 8
2655: 8
2436: 8
2774: 8
648: 8
862: 8
752: 8
1120: 8, 34
967: 8
2711: 8
2360: 8
2621: 8
1097: 8
1973: 8
605: 8, 122
2443: 8
2095: 8
1085: 8
1377: 8, 5
2804: 8
1034: 8
2502: 8
1818: 8
3304: 8
896: 8, 101
1899: 8, 73
1472: 8
971: 8, 44
3499: 8
1724: 8
228: 8
1826: 8
1093: 8
19: 8
1468: 8
2820: 8
3241: 8
3157: 8
3745: 8
2693: 8
1836: 8
3275: 8
420: 8
326: 8
879: 8
869: 8
487: 8
1645: 8
907: 8
1039: 8
767: 8
240: 8
3593: 8
3992: 8
2176: 8
1382: 8
677: 8
3942: 8
2243: 8
1651: 8
2474: 8
2760: 8
3138: 8
3248: 8
2612: 8
519: 8
927: 8
3215: 8
3546: 8
3757: 8
1223: 8
1288: 8
157: 8, 60, 160
1477: 8
3144: 8
516: 8
596: 8
2731: 8
3239: 8
3458: 8
3455: 8
2613: 8
1154: 8
1720: 8
1704: 8
1321: 8
3510: 8
3521: 8
1065: 8
1349: 8
2475: 8
3355: 8
2201: 8, 41
1355: 8
654: 8
3316: 8
453: 8, 78
1536: 8
3192: 8
1733: 8, 101
1670: 8
1987: 8
1347: 8
980: 8
950: 8
986: 8
685: 8
1679: 8
1889: 8
2411: 8
1053: 8
260: 8
2673: 8
3320: 8
1655: 8
1332: 8
2422: 8
3300: 8
1175: 8
1149: 8
2060: 8, 41
3407: 8
1061: 8
2238: 8
3343: 8
10: 673, 122, 1, 683, 218, 829, 41, 513, 630, 60, 101, 334, 723, 320, 979, 639, 73, 291, 249, 5, 1012, 251, 636, 302, 540, 175, 254, 8, 1368, 132, 1504, 485, 160, 577, 301, 232, 338, 69, 771, 203, 36, 246, 312, 81, 469, 52, 675, 734, 300, 341, 361, 1461, 135, 679, 667, 768, 267, 1298, 656, 85, 273, 236, 116, 314, 34, 839, 1435
13: 742, 510, 44, 66, 37, 307, 799, 263, 336, 14, 128, 1431, 15, 652, 430, 1311, 24, 1218, 1083, 108, 607, 33
64: 709, 78, 408, 63, 226
20: 21, 149, 549, 1416, 1166
1718: 41
3918: 41
1535: 41
2933: 41
3779: 41
2790: 41
2899: 27
2156: 27, 96
2798: 96, 943
2241: 48
1466: 48
942: 27, 96, 201, 943, 48
3771: 27
1743: 201
43: 81, 34, 101, 44, 160, 5, 122
2875: 27
3030: 48, 27
3811: 27
3255: 27
928: 27
1456: 96, 201, 27
3895: 27
3330: 96
2754: 27
1910: 5, 73, 175, 218, 34, 336, 101, 78, 307, 60
3706: 27
2794: 27
3719: 27
623: 96
3025: 96
2425: 96
2971: 201
3540: 48
4115: 27
3948: 201, 48, 27, 96
3111: 27
3797: 201
3993: 48
3884: 27
3946: 96
1976: 27
3847: 27
3135: 201
3891: 96
3732: 943
3872: 27, 96, 201, 943
1216: 27
3368: 96
3822: 27
3962: 48
3988: 96
3582: 27, 96
2066: 48, 27
3001: 27
2469: 44
1198: 27
2697: 27
115: 27
2858: 48
3921: 27
717: 218, 8, 132, 307, 160, 14, 122, 263, 81
3803: 48
2414: 27
3432: 27
3835: 96
4126: 27
2935: 48
1433: 27
2998: 48
2830: 96, 201, 943, 48, 27
3028: 27
3156: 96
1867: 27
2264: 27
2742: 27
4099: 27
3761: 27
3502: 943
3604: 27
4002: 96
1518: 27
3910: 27
3863: 27
3879: 48
3418: 27
275: 27
3221: 160, 218, 14
3949: 48
3858: 27
2890: 27
1283: 96
2908: 943
948: 48
4039: 96
2828: 27
4066: 201, 27
3027: 27
3820: 27
2329: 48
606: 27
3781: 48
1602: 48
2428: 27
3971: 943
3887: 27
2678: 96, 201, 943, 48, 27
1949: 96
2677: 27
3751: 27
3833: 96
3636: 48
2129: 96
4022: 27
2782: 943
3883: 943
3770: 27
2836: 27
2989: 27
2991: 27
3187: 27
3832: 27
2315: 943
1244: 27
1868: 48
2022: 96
1768: 27
2957: 27
1812: 27
4049: 27
3035: 27
3065: 27
4091: 27
2400: 96
2884: 27
1989: 96
3049: 201
1082: 943
2896: 27
2827: 27
834: 96
1397: 96
3500: 96
3878: 27
3408: 27
3006: 27
2455: 27, 96
1261: 943
3778: 27
2094: 201
3707: 27
2446: 27
3513: 27
1580: 48
1211: 27
2448: 44
3528: 27
3980: 27
3324: 27
3686: 48
3630: 27
3105: 27
1534: 27
4051: 96
744: 27
2714: 27
3214: 27
3793: 96
2075: 27
2854: 44
569: 34
2882: 27
3855: 201
3462: 96
3558: 27
3250: 27
3170: 201
2931: 48
1571: 201
1451: 27
3081: 48
4033: 27
3286: 27
539: 73
2865: 96
2986: 60
1325: 48
3787: 27
3798: 27
1961: 27
2979: 48
4017: 96
778: 122
474: 101, 5
2961: 27
3982: 96
2853: 27
2807: 48
2651: 48
3385: 48
2895: 27
2057: 27
3570: 27
3830: 27
3245: 27
3914: 27
2395: 96
3205: 27
3344: 96
2948: 27
3862: 101
2922: 201
3864: 27
3074: 201
3906: 27
3845: 48
4046: 96
4009: 48
4007: 96
3843: 160
171: 27
2582: 27
2193: 96
3112: 27
3005: 48
3795: 27
3840: 27
3875: 27
1732: 122
977: 5, 122
1966: 21
2765: 48
2345: 96
2682: 27
2918: 27
3179: 943
3729: 21
3972: 48
881: 27
3301: 48, 27
3405: 27
3810: 27
2900: 218
1049: 27
1338: 96
1350: 943
3602: 27
3799: 27
2104: 27
3930: 48
3890: 27
1540: 27
3055: 48
3911: 201
3590: 48
3997: 201
3728: 27
2735: 27
2886: 48
3677: 27
2605: 27
2943: 218
3662: 96
2363: 48
2851: 48
3022: 96
783: 48, 27
610: 27
2972: 27
2588: 27
3792: 27
3764: 27
4031: 27
2306: 27
735: 48
2257: 96
3244: 27
3515: 943
563: 27
2513: 943
2138: 48
2843: 27
3777: 27
1912: 27
3968: 27
1623: 943
3769: 48
4011: 27
3915: 48
3164: 27
3654: 27
3970: 943
4038: 96
4080: 27
4001: 14
2234: 27
45: 44
344: 44
1267: 44
176: 175, 34, 307, 8, 132, 21, 160, 81, 5, 361
56: 73, 78, 81, 14, 60, 52, 122, 336, 175, 41, 101, 263, 8, 218, 44
53: 132, 307, 21, 160, 81, 5, 60, 52, 361, 175, 34, 122, 336, 218, 41, 73, 101, 78, 263, 8, 14, 44
1809: 34
1444: 34
1951: 34
1999: 101
1830: 34
745: 5
891: 122
144: 143, 250, 1144, 1010, 740, 462, 1098, 1340, 1666, 1938, 831, 208, 214, 665, 180, 252, 452, 807, 1279, 271, 1587
2495: 8
1793: 8
3060: 8
3568: 8
710: 683, 709, 226
274: 122, 5, 273, 341, 683, 829, 101, 34
1445: 665, 143
3961: 8
4059: 8
2796: 8
2723: 8
