54: 47, 164, 137, 188, 28, 41, 4, 63, 58, 182, 132, 108, 167, 84, 199, 100, 153, 130, 109, 139, 185, 123, 114, 83, 6, 98, 59, 129, 183, 74, 200, 97, 77, 198, 79, 57, 55, 159, 189, 91
1: 60, 101, 62, 2, 17, 191, 92, 37, 152, 46, 122, 76, 118, 173, 156, 174, 67, 18, 175, 204, 104, 89, 16, 160, 53, 93, 148, 22, 119, 111, 50, 180, 96, 196, 52, 85, 42, 121, 135, 209, 81, 71, 133, 136, 150, 49, 184, 197, 73, 127, 143, 163, 105, 117, 68, 145, 169, 187, 113, 94, 13, 138, 90, 140, 107, 161, 40, 128, 33, 147, 75, 203, 157, 134, 146, 102, 72, 142, 172, 36, 66, 170, 82, 27, 25, 51, 103, 120, 23
15: 60, 101, 62, 2, 17, 191, 92, 37, 152, 46, 122, 76, 118, 173, 156, 174, 67, 18, 175, 204, 104, 89, 16, 160, 53, 148, 93, 22, 119, 111, 96, 180, 52, 196, 50, 42, 85, 121, 135, 209, 81, 71, 133, 136, 150, 49, 197, 184, 73, 127, 143, 163, 105, 117, 68, 145, 169, 187, 113, 94, 13, 138, 90, 140, 107, 161, 40, 128, 33, 147, 75, 203, 157, 134, 146, 102, 72, 142, 172, 36, 66, 170, 82, 27, 25, 51, 103, 120, 23
5: 47, 164, 137, 28, 63, 132, 108, 84, 100, 153, 130, 109, 139, 83, 123, 114, 6, 98, 59, 183, 74, 200, 97, 77, 198, 79, 55, 159, 189, 91
3: 47, 164, 137, 188, 28, 41, 58, 63, 182, 4, 132, 108, 167, 84, 199, 100, 153, 109, 130, 139, 83, 123, 114, 6, 185, 98, 59, 129, 183, 74, 200, 97, 77, 198, 79, 57, 55, 159, 189, 91
29: 24, 56, 225, 214, 32, 223, 30, 88, 8, 217, 193, 78, 20, 237, 44
26: 38, 164, 19, 137, 28, 43, 4, 58, 69, 62, 161, 107, 71, 89, 100, 133, 153, 109, 83, 114, 160, 98, 129, 74, 73, 143, 77, 105, 27, 51, 169, 91
21: 60, 107, 147, 75, 103, 71, 89, 104, 133, 138, 174, 11, 169, 9, 146, 161, 105
11: 24, 30, 221, 88, 194, 176, 218, 210, 21, 125, 215, 44, 56, 141, 219, 32, 229, 12, 222, 8, 217, 78, 144, 214, 223, 29, 61, 231, 158, 195, 20
9: 24, 178, 30, 221, 88, 194, 176, 218, 125, 21, 215, 56, 141, 219, 32, 229, 12, 222, 8, 217, 78, 226, 144, 39, 214, 223, 207, 29, 31, 10, 61, 231, 64, 235, 195, 20
19: 24, 30, 88, 216, 224, 125, 232, 56, 32, 78, 166, 70, 29, 115, 236, 126, 168, 213, 220, 35, 20
211: 75, 212
38: 24, 56, 39, 214, 219, 32, 30, 8, 217, 78, 20
43: 24, 30, 88, 44, 56, 219, 32, 8, 217, 227, 78, 230, 214, 228, 29, 61, 234, 233, 20
112: 8, 89
69: 24, 30, 88, 216, 224, 162, 232, 32, 78, 166, 70, 29, 115, 236, 168, 213, 220, 99, 35, 20
65: 8
80: 8
181: 35
149: 8
201: 8
14: 8
124: 35
192: 8
48: 8
165: 8
206: 35
34: 35
7: 8
144: 9, 11
45: 35, 115
151: 35, 115
86: 35, 115
8: 29, 9
179: 8, 115
208: 8
154: 35, 115
155: 8
131: 38
106: 8
205: 8
87: 8
110: 8
171: 8
141: 8
190: 8
177: 8
186: 8
202: 8
116: 8
35: 69
95: 29, 9, 11
30: 38, 29, 43, 57, 11, 41, 9
56: 38, 19, 29, 43, 11, 9
20: 38, 19, 29, 43, 11, 69, 9
