54: 185, 129, 167, 98, 100, 77, 4, 132, 137, 199, 84, 41, 55, 91, 108, 164, 59, 97, 183, 74, 139, 63, 47, 188, 114, 130, 57, 159, 189, 109, 123, 83, 58, 28, 79, 182, 200, 198, 153, 6
185: 54, 3
1: 93, 67, 17, 33, 27, 82, 62, 156, 68, 150, 128, 50, 46, 196, 134, 180, 142, 111, 37, 209, 172, 92, 40, 90, 135, 191, 122, 60, 101, 13, 127, 173, 72, 157, 51, 204, 187, 143, 145, 163, 96, 102, 81, 119, 73, 184, 104, 107, 71, 66, 147, 75, 89, 94, 170, 53, 117, 52, 22, 23, 133, 36, 146, 49, 161, 152, 148, 85, 175, 16, 203, 169, 120, 136, 140, 138, 103, 160, 18, 105, 2, 121, 118, 113, 25, 174, 42, 197, 76
93: 1, 15
15: 46, 196, 134, 180, 142, 111, 37, 209, 172, 92, 40, 90, 135, 191, 122, 60, 101, 13, 127, 173, 72, 157, 51, 204, 187, 143, 145, 163, 96, 102, 81, 119, 73, 184, 104, 107, 71, 66, 147, 75, 89, 94, 170, 53, 117, 52, 22, 23, 133, 36, 146, 49, 161, 152, 148, 175, 16, 203, 169, 120, 136, 140, 138, 103, 160, 18, 105, 2, 121, 118, 113, 25, 174, 42, 197, 76, 93, 67, 17, 33, 27, 62, 82, 156, 68, 150, 85, 128, 50
46: 15, 1
67: 1, 15
17: 1, 15
5: 198, 153, 6, 98, 200, 77, 132, 137, 84, 55, 91, 108, 164, 59, 97, 183, 74, 139, 63, 47, 100, 114, 130, 159, 189, 109, 123, 83, 28, 79
198: 5, 3, 54
33: 1, 15
196: 15, 1
153: 5, 26, 3, 54
3: 47, 188, 100, 114, 77, 132, 189, 109, 123, 84, 41, 55, 91, 164, 58, 28, 59, 139, 63, 79, 182, 130, 57, 198, 159, 83, 6, 200, 153, 4, 137, 199, 108, 185, 129, 167, 97, 98, 183, 74
47: 3, 54, 5
134: 15, 1
180: 15, 1
188: 3, 54
129: 54, 26, 3
27: 1, 26, 15
142: 15, 1
82: 1, 15
62: 1, 26, 15
156: 1, 15
68: 1, 15
167: 54, 3
150: 1, 15
111: 15, 1
29: 223, 214, 225, 20, 8, 44, 24, 217, 30, 32, 88, 56, 19, 9, 95, 43, 69, 11, 78, 193, 237
223: 29, 9, 11
37: 15, 1
100: 3, 54, 5, 26
209: 15, 1
26: 161, 27, 62, 109, 83, 58, 28, 160, 51, 153, 143, 129, 73, 98, 71, 100, 114, 77, 4, 133, 137, 91, 169, 164, 107, 105, 89, 74, 19, 69, 38, 43
161: 26, 21, 15, 1
21: 133, 146, 161, 169, 138, 103, 107, 105, 89, 174, 60, 104, 71, 147, 75, 9, 11
133: 21, 15, 1, 26
98: 54, 5, 26, 3
11: 219, 12, 222, 144, 223, 218, 214, 61, 20, 21, 141, 176, 217, 221, 229, 44, 194, 24, 215, 125, 195, 30, 32, 88, 8, 56, 158, 29, 78, 95, 210, 231
219: 11, 43, 9, 38
172: 15, 1
114: 3, 54, 5, 26
109: 26, 3, 54, 5
6: 5, 3, 54
146: 21, 15, 1
77: 3, 54, 5, 26
128: 1, 15
83: 26, 3, 54, 5
92: 15, 1
40: 15, 1
12: 11, 9
50: 1, 15
90: 15, 1
9: 144, 223, 214, 218, 219, 12, 222, 207, 10, 178, 61, 235, 31, 20, 21, 24, 215, 125, 39, 195, 176, 229, 226, 217, 221, 194, 30, 88, 32, 8, 56, 29, 64, 78, 95, 141, 231
144: 9, 11
135: 15, 1
132: 3, 54, 5
189: 3, 54, 5
191: 15, 1
122: 15, 1
60: 15, 1, 21
101: 15, 1
13: 15, 1
127: 15, 1
123: 3, 54, 5
84: 3, 54, 5
173: 15, 1
41: 3, 54, 30
72: 15, 1
58: 26, 3, 54
157: 15, 1
4: 54, 26, 3
169: 21, 15, 1, 26
55: 3, 54, 5
28: 26, 3, 54, 5
91: 3, 54, 5, 26
51: 15, 1, 26
214: 9, 29, 38, 43, 11
160: 26, 15, 1
137: 54, 5, 26, 3
199: 54, 3
204: 15, 1
138: 21, 15, 1
164: 3, 54, 5, 26
103: 21, 15, 1
187: 15, 1
19: 216, 224, 20, 35, 213, 232, 168, 70, 126, 220, 236, 166, 24, 125, 30, 32, 88, 56, 29, 78, 115, 26
216: 19, 69
143: 15, 1, 26
145: 15, 1
59: 3, 54, 5
107: 21, 15, 1, 26
200: 5, 3, 54
105: 21, 15, 1, 26
108: 54, 5, 3
218: 9, 11
222: 11, 9
89: 21, 15, 1, 112, 26
139: 3, 54, 5
163: 15, 1
63: 3, 54, 5
96: 15, 1
211: 212, 75
212: 211
174: 21, 15, 1
102: 15, 1
81: 15, 1
119: 15, 1
79: 3, 54, 5
97: 54, 5, 3
183: 54, 5, 3
74: 54, 5, 3, 26
182: 3, 54
130: 3, 54, 5
57: 3, 54, 30
73: 15, 1, 26
38: 214, 219, 20, 131, 217, 24, 39, 30, 32, 8, 56, 78, 26
159: 3, 54, 5
43: 214, 219, 61, 20, 217, 44, 24, 30, 32, 88, 233, 234, 230, 227, 228, 8, 56, 29, 78, 26
184: 15, 1
104: 15, 1, 21
71: 15, 1, 26, 21
66: 15, 1
147: 15, 1, 21
75: 15, 1, 211, 21
224: 19, 69
94: 15, 1
170: 15, 1
53: 15, 1
117: 15, 1
52: 15, 1
22: 15, 1
23: 15, 1
36: 15, 1
49: 15, 1
152: 15, 1
148: 15, 1
175: 15, 1
16: 15, 1
203: 15, 1
120: 15, 1
112: 89, 8
136: 15, 1
140: 15, 1
85: 1, 15
225: 29
18: 15, 1
2: 15, 1
121: 15, 1
118: 15, 1
113: 15, 1
25: 15, 1
42: 15, 1
197: 15, 1
76: 15, 1
69: 224, 216, 20, 35, 162, 220, 236, 166, 24, 213, 99, 232, 70, 168, 30, 32, 88, 29, 78, 115, 26
65: 8
8: 65, 80, 149, 201, 14, 112, 192, 48, 165, 7, 29, 179, 208, 155, 106, 205, 87, 110, 171, 141, 190, 38, 177, 11, 186, 202, 9, 43, 116
80: 8
181: 35
35: 181, 124, 206, 34, 45, 69, 151, 86, 154, 19
149: 8
201: 8
14: 8
124: 35
192: 8
48: 8
165: 8
206: 35
34: 35
7: 8
207: 9
10: 9
178: 9
61: 9, 43, 11
235: 9
31: 9
20: 29, 19, 11, 38, 9, 43, 69
45: 35, 115
151: 35, 115
86: 35, 115
179: 8, 115
208: 8
154: 35, 115
162: 69
155: 8
141: 11, 8, 9
131: 38
24: 9, 29, 69, 38, 11, 43, 19
215: 9, 11
125: 9, 11, 19
44: 29, 11, 43
176: 11, 9
220: 69, 19
217: 38, 11, 43, 9, 29
213: 19, 69
39: 9, 38
195: 9, 11
236: 69, 19
232: 19, 69
166: 69, 19
168: 19, 69
70: 19, 69
221: 11, 9
229: 9, 11
126: 19
226: 9
99: 69
194: 11, 9
30: 29, 43, 69, 11, 38, 19, 9, 57, 41
88: 9, 43, 69, 29, 11, 19
32: 43, 69, 29, 19, 11, 38, 9
233: 43
234: 43
230: 43
227: 43
228: 43
106: 8
205: 8
87: 8
110: 8
171: 8
190: 8
177: 8
186: 8
202: 8
116: 8
56: 43, 29, 11, 19, 38, 9
95: 29, 9, 11
158: 11
64: 9
78: 43, 69, 29, 19, 11, 38, 9
115: 179, 86, 69, 154, 151, 19, 45
193: 29
210: 11
231: 9, 11
237: 29
