95: 8, 2, 11, 4
476: 8, 2
507: 8, 2, 11
929: 8, 2, 11
1564: 8, 2, 11, 61
432: 8, 2, 11
1391: 8, 2, 11, 61
1318: 8, 2, 11
269: 8, 2, 11
890: 8, 2, 11, 4
1817: 8, 2, 11
739: 8, 2, 11, 61
1350: 8, 2, 11
1988: 8, 2, 11, 61
244: 245, 8, 11, 4, 37
176: 8, 2, 11
1680: 8, 2, 11, 61
600: 8, 2, 11
1651: 8, 2, 11
2004: 8, 2, 11
559: 8, 2, 11
1582: 2
2044: 8, 2, 11, 61
120: 8, 2, 11
1145: 8, 2, 11, 178
1756: 2, 37
1460: 8, 2, 11
453: 8, 2, 11, 4
1027: 8, 2, 11
217: 8, 2, 11, 61
500: 8, 2, 11, 61
552: 8, 2, 11
1889: 8, 2, 11, 61
1995: 8, 2, 11
572: 8, 2, 11, 61
1446: 8, 2, 11
717: 8, 2, 11
113: 2, 8, 11, 4, 61
1641: 8, 2, 11
1709: 8, 2, 11
82: 2, 92, 8, 11, 37
68: 2, 8, 11, 4, 61
90: 8, 2, 11, 61
828: 8, 2, 11, 192
859: 8, 2, 11
426: 8, 2, 11
826: 8, 2, 11
534: 8, 2, 11
526: 8, 2, 11
1327: 8, 2, 11
399: 8, 2, 11
1557: 8, 2, 11, 61
1201: 8, 2, 11, 61
523: 8, 2, 11
1246: 2
1743: 245, 37, 4
424: 8, 2, 11, 192
548: 2, 11, 377
1498: 8, 2, 11
357: 8, 2
81: 8, 2, 11, 61
321: 2, 8, 11, 4, 61
258: 8, 2, 11
966: 8, 2, 11
1388: 8, 2, 11
524: 8, 2, 11
704: 8, 2, 11, 61
293: 1513, 2, 533, 179, 1815, 173, 317, 2180, 1025, 64, 184, 145, 1073, 2173, 377, 61, 1696, 985
1154: 8, 2, 11, 61
1762: 8, 2, 11
27: 8, 2, 11, 61
1312: 8, 2, 4
1294: 8, 2, 11, 4
48: 8, 2, 11
1269: 8, 2, 11
320: 2, 8, 11, 4, 37
1103: 8, 2, 11, 4
133: 8, 2, 11
555: 8, 2, 11, 4
259: 8, 2, 11, 61
1850: 8, 2
609: 8, 2, 11
229: 8, 2, 11
769: 8, 2, 11
386: 8, 2, 11
2065: 8, 2, 11, 61
339: 8, 2, 11, 178
1728: 8, 2, 11, 61
1280: 8, 2, 4
1853: 8, 2, 11
2053: 8, 2, 11, 61
616: 8, 2, 11, 61
678: 8, 2, 11, 61
606: 8, 2, 11
824: 8, 2, 11, 61
738: 8, 2, 11, 4
549: 8, 2, 4
116: 8, 2, 11
840: 8, 2, 11
19: 8, 2, 11
781: 8, 2, 11, 61
1457: 8, 2
1077: 8, 2, 11, 192
1888: 8, 2, 11
770: 8, 2, 11, 4
795: 8, 2, 11
2018: 8, 2, 11, 61
1735: 37, 4
1163: 8, 2, 11
380: 8, 2, 11
1871: 8, 2
1267: 2
1906: 8, 2, 11, 61
1168: 2
2006: 8, 2, 11, 61
172: 8, 2, 11
456: 8, 2, 11
1685: 2, 8, 11, 4, 61
1332: 2
2083: 8, 2, 11, 61
1929: 8, 2, 11
649: 8, 2, 11
944: 8, 2, 11, 61
220: 8, 2, 4
2020: 8, 2, 11
697: 8, 2, 11, 61
582: 8, 2, 11
479: 8, 2, 92
598: 8, 2, 11
853: 8, 2
191: 2, 37
1486: 8, 2, 11
249: 8, 2, 11
105: 8, 2, 11
1631: 8, 2, 11
1279: 8, 2, 11, 61
142: 8, 2, 377
416: 8, 2, 11
1331: 8, 2, 11
757: 8, 2, 11
907: 8, 2, 11
1214: 8, 2, 11, 61
251: 8, 2, 11, 4
167: 8, 2, 11, 4
238: 2, 8, 11, 4, 61
540: 8, 2, 11, 61
1884: 8, 2, 11, 61
1738: 8, 2, 11
256: 8, 2, 11
2070: 8, 2, 11, 61
1656: 2, 11
688: 8, 2, 11
1419: 2, 8, 11, 4, 61
1927: 2, 37
1800: 8, 2, 11, 178
856: 2, 37, 377
1349: 2, 8, 11, 4, 61
982: 8, 2, 11
1227: 8, 2, 11, 61
1608: 2, 11
257: 8, 2, 11
752: 2, 377
1182: 8, 2, 11, 61
1287: 8, 2, 11
1911: 2
1205: 8, 2
1479: 8, 2, 11
579: 8, 2, 11
149: 8, 2, 11
515: 8, 2, 11
2035: 8, 2, 11
1257: 8, 2, 11
958: 8, 2, 11
797: 2, 37
1075: 8, 2, 11
773: 8, 2, 11, 61
353: 8, 2, 11, 61
1783: 8, 2
74: 8, 2, 11
886: 8, 2, 11
2090: 8, 2, 11
1116: 8, 2, 11
1346: 2
425: 8, 2, 11
1394: 8, 2, 11
681: 8, 2, 11, 4
675: 8, 2, 11
1655: 8, 2, 11
67: 8, 2, 11, 61
1448: 8, 2, 11, 192
612: 8, 2, 11, 4
296: 2, 8, 11, 4, 61
187: 8, 2, 11
1644: 8, 2, 11
950: 8, 2, 11
1897: 8, 2, 11
922: 2, 8, 11, 4, 61
1455: 2, 37
235: 2, 245, 1617, 8, 11, 4, 37
1687: 2, 37
593: 173, 317, 11, 1572, 533, 2, 179, 2160, 1033, 2169, 8, 1475, 144, 184, 61, 37, 1645, 64, 145, 1563
1239: 8, 2
1250: 8, 2, 11
1421: 8, 2, 11
791: 4
1524: 2
2091: 8, 2, 11, 61
537: 8, 2
1442: 8, 2, 11, 61
1712: 2, 192, 8, 11, 61
558: 8, 2, 11
959: 8, 2, 11
744: 8, 2, 11
981: 8, 2, 11, 37
85: 8, 2, 11
668: 8, 2, 11, 178
1032: 8, 2, 11, 61
1304: 8, 2
2075: 8, 2, 11
284: 8, 2, 11
1006: 8, 2, 11
1628: 8, 2, 11
1973: 8, 2, 11
34: 2
1172: 8, 2, 11
1943: 8, 2
1866: 8, 2, 11, 61
1496: 8, 2
640: 8, 2, 11
1322: 8, 2, 11
1284: 8, 2, 11
79: 8, 2, 11
1179: 8, 2, 11
1161: 8, 2, 11
619: 2, 8, 11, 4, 61
1896: 8, 2, 11
16: 2, 11, 37, 377
1690: 8, 2, 4
1763: 8, 2, 11, 37
920: 8, 2, 11
1634: 8, 2
787: 8, 2, 11, 61
226: 8, 2, 11
297: 8, 2, 11, 61
109: 8, 2, 11, 4
1695: 8, 2, 11
1138: 2, 37, 377
1991: 8, 2, 11
913: 2, 92, 8, 11, 37
1862: 2
1961: 8, 2
2002: 8, 2, 11, 4
1000: 245, 4
1581: 8, 2, 11
837: 8, 2, 11, 61
1449: 8, 2, 11
1605: 8, 2, 11
1132: 8, 2
1173: 8, 2, 11, 61
1186: 8, 2, 11
1704: 8, 2, 11, 61
1539: 2, 37
940: 8, 2, 11
562: 8, 2, 11
1176: 8, 2, 11, 61
1217: 8, 2, 11, 61
1726: 2, 178, 8, 11, 61
1978: 8, 2, 11
302: 8, 2, 11
434: 61, 2, 37
1809: 8, 2, 11, 61
225: 8, 2, 11, 61
542: 2, 8, 11, 4, 61
423: 2
1881: 8, 2, 11, 61
1799: 8, 2, 11, 61
1013: 8, 2, 11, 61
969: 8, 2, 11, 61
999: 8, 2, 11
734: 37, 4
931: 2, 8, 11, 4, 61
1797: 8, 2, 11, 192
1824: 8, 2, 4
1343: 8, 2, 11
618: 2, 8, 11, 4, 61
830: 8, 2, 11, 61
1556: 2, 37
132: 2, 92, 8, 11, 37
1803: 8, 2, 11
872: 8, 2, 11
2128: 8, 2, 11
809: 8, 2, 11
1951: 8, 2
1213: 8, 2, 11, 61
323: 8, 2
166: 8, 2, 11
804: 2, 377
1325: 8, 2, 11, 61
388: 2, 245, 37
1080: 8, 2, 11
541: 8, 2, 11
488: 8, 2, 11
177: 8, 2, 11
689: 8, 2, 11, 61
1439: 8, 2, 11
2041: 8, 2, 11
1095: 8, 2, 11
1014: 8, 2, 11
498: 8, 2, 11, 37
1426: 8, 2, 11, 61
1855: 2, 37
1801: 8, 2
663: 8, 2, 11, 61
2021: 8, 2, 11
106: 8, 2, 11, 37
1450: 8, 2, 11
1369: 2, 37
1306: 8, 2, 11
2164: 8, 2, 11
1612: 2, 11
1741: 2, 245, 37
347: 8, 2, 4
1038: 8, 2, 11
1314: 8, 2, 11
1488: 8, 2, 11
1143: 8, 2, 11
467: 8, 2
1060: 8, 2, 11
967: 8, 2, 11, 4
1495: 8, 2, 11
38: 8, 2, 11, 61
793: 8, 2, 4
843: 2, 37
714: 2, 8, 11, 4, 61
1650: 8, 2, 11, 61
883: 2, 245, 8, 11, 37
2014: 8, 2
2012: 8, 2, 11, 61
1992: 8, 2, 11
1902: 4
776: 8, 2, 11
1238: 8, 2, 11, 61
1554: 8, 2, 11
1194: 8, 2, 11, 61
1784: 8, 2, 11
615: 8, 2, 11
1105: 8, 2, 11
638: 2, 11, 245, 37
718: 8, 2, 11
1165: 8, 2, 11
1357: 8, 2, 11
1739: 8, 2, 11, 4
1485: 8, 2, 11
1125: 8, 2, 11
1860: 8, 2, 37
849: 8, 2, 11
364: 2, 92, 8, 11, 37
1335: 8, 2, 11, 61
422: 8, 2, 11
1117: 8, 2, 11
1688: 8, 2, 11
1003: 8, 2, 11
888: 2, 8, 11, 61, 593
369: 8, 2, 11
1166: 8, 2, 11
1876: 8, 2, 11
602: 8, 2, 11
1170: 8, 2, 11, 61
1678: 8, 2, 11, 178
1828: 8, 2, 11, 61
1707: 8, 2
1106: 8, 2, 11
139: 2, 8, 11, 61, 593
1647: 2, 37, 377
343: 8, 2, 11
1699: 8, 2, 11, 61
2015: 8, 2, 11
610: 8, 2, 4
844: 8, 2, 11, 61
107: 2, 8, 11, 4, 61
862: 8, 2, 11
1914: 4
759: 8, 245, 37, 4
1356: 8, 2, 11, 92
591: 2, 245, 37
118: 8, 2
1064: 8, 2, 11, 61
1251: 8, 2, 11, 4
1206: 8, 2, 11
1296: 8, 2
1607: 8, 2, 11
1826: 8, 2, 11
1610: 8, 2, 11, 61
2028: 8, 2, 11, 192
202: 8, 2, 11
472: 8, 2, 11, 4
451: 8, 2, 4
1501: 8, 2, 11, 61
1468: 8, 2, 11, 61
1731: 2, 37
1324: 2
1603: 2
924: 8, 2, 11
1677: 8, 2, 11
1509: 8, 2, 11
452: 8, 2, 11
128: 8, 2
1544: 2
1462: 8, 2, 11
1489: 8, 2, 11
71: 8, 2, 11
538: 8, 2, 11, 61
277: 8, 2, 11, 61
842: 8, 2, 11
437: 2, 11
1425: 8, 2, 11, 61
130: 287, 2, 8, 11, 4
1204: 8, 2, 11
1423: 8, 2, 11
1666: 8, 2
1916: 8, 2
129: 8, 2, 11
589: 8, 11, 37, 4
1353: 8, 2, 11, 61
1535: 8, 2, 11, 61
1157: 8, 2, 11, 4
1011: 8, 2, 11
1291: 2, 8, 11, 4, 61
2110: 8, 2, 11
2176: 8, 2, 11
521: 8, 2, 11
2052: 8, 2, 11, 61
947: 8, 2, 11
1177: 8, 2, 11, 61
1385: 2, 8, 11, 4, 61
1761: 2, 37, 377
522: 8, 2, 4
1542: 8, 2, 11
1522: 2, 8, 11, 4, 61
1406: 8, 2, 11, 61
517: 2, 245, 37
532: 8, 2, 11, 61
1571: 8, 2
933: 8, 2, 11
1543: 8, 2, 11, 61
12: 2, 8, 11, 377, 37
1989: 8, 2, 11
1874: 2
592: 8, 2, 11
1070: 8, 2, 11
666: 8, 2, 11, 4
501: 8, 2, 11
1473: 8, 2, 11, 61
1997: 8, 2, 11
1078: 8, 2, 11, 245
928: 8, 2, 11
490: 8, 2, 11, 4
707: 8, 2, 11
1397: 8, 2, 11
1877: 8, 2, 11
1575: 2
1494: 8, 2, 11
1706: 8, 2, 11
1825: 8, 2, 11
621: 8, 2, 11
908: 8, 2, 11, 61
857: 8, 2, 11
183: 8, 2
91: 2, 92, 8, 11, 37
1942: 2
491: 8, 2, 11, 61
1230: 8, 2, 11
1901: 8, 2
1775: 2
1774: 2, 37
1268: 8, 2, 11
852: 8, 2, 11
72: 2, 8, 11, 4, 61
1925: 8, 2, 11, 192
580: 8, 2, 11
1086: 8, 2, 11
218: 8, 2, 11, 61
1071: 8, 2, 11
943: 8, 2, 11
634: 8, 2, 11, 61
1547: 8, 2
1869: 8, 2, 4
413: 2, 37
1386: 8, 2, 11
1694: 2, 37, 377
401: 8, 2
1987: 8, 2, 11
868: 8, 2
317: 2
813: 8, 2, 11, 4
154: 8, 2, 61
2077: 8, 2, 11
625: 2, 8, 11, 61, 37
955: 8, 2, 11, 4
1292: 2
1627: 8, 2, 11, 61
173: 2, 377
2078: 8, 2, 11, 61
1516: 8, 2, 11, 178
2100: 8, 2, 11
510: 8, 2, 11
677: 8, 2, 11, 61
1198: 2, 37, 377
904: 8, 2, 11
647: 8, 2, 11, 61
1266: 8, 2, 11
292: 8, 2, 11
527: 8, 2, 11
973: 8, 2, 11
1679: 8, 2, 11, 61
884: 8, 2, 11
1444: 8, 2, 11
1371: 2, 1617
1963: 8, 2, 11
24: 2, 192, 8, 11, 61
1858: 2
544: 8, 2, 11
195: 8, 2, 11, 61
1789: 8, 2
1907: 8, 2, 11
1433: 8, 2, 11, 4
568: 8, 2, 11
1139: 8, 2, 11
1589: 8, 2, 11
335: 8, 2, 11
87: 8, 2, 11, 4
720: 8, 2
1018: 8, 2, 11, 4
1328: 8, 2, 11
1917: 8, 2, 11, 61
1355: 8, 2, 11
1360: 8, 2, 11, 178
1750: 2
64: 1033, 2, 377
755: 245, 37, 4
614: 8, 2
994: 8, 2, 11
440: 8, 2, 11, 61
1050: 8, 2, 11
1188: 8, 2, 11
325: 8, 2, 11
1795: 8, 2, 11
102: 8, 2, 11, 61
374: 8, 2, 11, 4
585: 8, 2, 11
1311: 8, 2, 11, 61
275: 8, 2, 11
1714: 8, 2, 11, 61
2049: 8, 2, 11
1281: 8, 2, 11, 61
492: 8, 2, 11, 4
2061: 8, 2, 11, 61
1392: 2, 11
145: 2, 37
444: 8, 2, 11
1254: 8, 2, 11
215: 8, 2, 11
419: 8, 2
1461: 8, 2, 11, 61
2003: 8, 2, 11, 61
635: 8, 2, 11, 4
80: 8, 2, 11
63: 8, 2, 11
1585: 8, 2, 11
897: 8, 2, 11
1532: 8, 2, 11
1420: 2, 37
462: 8, 2, 11
936: 8, 2, 11
578: 2, 92, 8, 11, 37
516: 8, 2, 11
1059: 8, 2, 11, 4
1691: 8, 2, 11, 61
1760: 8, 2
680: 8, 2, 11
6: 2, 8, 11, 4, 61
240: 8, 2, 11
1300: 8, 2, 11
1400: 8, 2, 11, 61
127: 2, 92, 8, 11, 37
1646: 8, 2, 11, 61
778: 2, 178, 8, 11, 4
157: 8, 2, 11, 192
754: 8, 2, 11, 4
1058: 2, 37
111: 8, 2, 11, 61
110: 2, 92, 8, 11, 37
210: 2, 37
2135: 8, 2, 11
1044: 2, 92, 8, 11, 37
829: 8, 2, 11
428: 8, 2, 11, 61
1042: 8, 2, 11, 4
660: 8, 2, 11
346: 8, 2, 11
1802: 2
459: 2, 377
932: 8, 2, 11
1383: 8, 2, 11
309: 8, 2, 11
1476: 8, 2, 11
732: 11, 4
1223: 8, 2, 11, 61
1583: 8, 2, 11, 61
996: 8, 2, 11, 61
546: 2, 8, 11, 4, 61
1034: 8, 2, 11
699: 8, 2, 4
1380: 8, 2, 11
1689: 8, 2, 11, 61
1434: 8, 2
1333: 8, 2
629: 2, 8, 11, 4, 61
834: 2
494: 2, 178, 8, 11, 61
403: 8, 2, 11, 61
1654: 8, 2, 11, 61
25: 8, 2, 11, 61
964: 8, 2, 11
1844: 2
1999: 8, 2, 11
1363: 8, 2, 11
1428: 8, 2, 11
1960: 8, 2, 11, 37
567: 8, 2, 11, 4
18: 8, 2, 11, 4
1681: 8, 2, 11, 61
1984: 8, 2, 11
94: 2, 178, 8, 11, 4
1373: 8, 2, 11
1840: 8, 2, 11, 178
941: 8, 2, 11
838: 2, 245, 37
2007: 8, 2, 11
977: 2, 37
565: 8, 2, 11
1715: 2
148: 8, 2, 11, 192
1437: 8, 2, 11
993: 8, 2, 11, 61
372: 8, 2, 11
607: 4
1210: 8, 2
1043: 2, 37
644: 8, 2, 11
917: 2, 8, 11, 4, 61
706: 8, 2, 11, 61
576: 8, 2
1066: 8, 2, 11
1819: 8, 2
519: 8, 2, 11, 61
1533: 8, 2, 11, 61
1270: 8, 2, 11, 61
1572: 144, 2, 178, 185, 1033, 293, 192, 8, 11, 4, 61, 593, 37
213: 8, 2, 11
1597: 8, 2, 11
801: 8, 2
1568: 8, 2, 11, 61
1955: 8, 4
1553: 8, 2, 11
898: 8, 2, 11
831: 8, 2, 11
1673: 8, 2, 11
341: 8, 2, 4
1158: 8, 2, 4
1861: 8, 2, 11, 61
1263: 4
1459: 8, 2, 11
421: 8, 2, 11, 192
1482: 8, 2, 11
318: 8, 2, 11
52: 8, 2, 11, 4
76: 8, 2
1002: 8, 2, 11
1590: 8, 2, 11
1375: 8, 2, 11
1045: 8, 2, 4
1909: 8, 2
679: 8, 2, 11
478: 8, 2, 11
768: 8, 2, 11
86: 8, 2, 11, 61
227: 8, 2, 11
1672: 8, 2
1225: 8, 2, 11, 192
124: 8, 2, 11
808: 8, 2, 11
2058: 8, 2, 11, 61
874: 8, 2, 11, 61
1525: 8, 2, 11
1630: 8, 2, 11
620: 8, 2, 11
956: 8, 2, 11
683: 8, 2, 11, 4
1947: 2
1009: 8, 2, 11
305: 8, 2
879: 2, 37
1981: 8, 2, 11, 4
871: 245, 8, 11, 4, 37
1758: 2
222: 8, 2, 11
1307: 8, 2
1971: 8, 2, 11
1838: 2
1671: 2, 37
1033: 533, 2, 179, 317, 184, 64, 145, 377, 37, 570
2101: 8, 2, 11
1560: 8, 2, 11, 61
722: 8, 2, 4
1208: 8, 2, 11
1702: 8, 2, 11
378: 8, 2, 11
716: 8, 2, 11
392: 2, 37, 377
1599: 8, 2
536: 8, 2, 11
788: 8, 2
1977: 8, 2, 11, 4
101: 8, 2
415: 8, 2, 11
39: 8, 2, 11
2040: 8, 2, 11, 178
1151: 8, 2, 11
686: 8, 2, 11
78: 8, 2, 11, 61
543: 8, 2, 11
1381: 2
1805: 8, 2, 11
1752: 8, 2, 11, 61
1035: 2, 8, 11, 4, 61
242: 8, 2, 11, 4
1937: 2
288: 2, 377
489: 2
1130: 8, 2, 11
390: 8, 2, 11
8: 2025, 533, 2, 179, 2116, 2086, 173, 317, 145, 2132, 762, 1555
1561: 8, 2, 11, 61
674: 8, 2, 11, 4
1277: 8, 2, 11
1390: 2, 11
405: 8, 2, 11, 61
1065: 8, 2, 11, 61
772: 8, 2, 11, 61
473: 8, 2, 11, 4
1506: 8, 2, 11, 61
1339: 8, 2, 4
1354: 2, 92, 8, 11, 37
711: 8, 2, 11
657: 8, 2, 11, 61
1431: 8, 2, 11
1094: 2, 178, 8, 11, 61
1464: 2, 192, 8, 11, 61
1039: 2, 178, 8, 11, 61
1275: 2, 8, 11, 4, 61
1683: 2, 192, 8, 11, 61
1377: 8, 2, 11
1849: 8, 2, 11
1507: 2, 37
1264: 2, 245, 37
1531: 8, 2, 11
1136: 8, 2, 11
1113: 8, 2, 11, 61
1745: 8, 2, 11, 61
892: 8, 2, 11
198: 8, 2, 11, 61
5: 8, 2
760: 8, 2, 11
1898: 2
414: 8, 2, 11
274: 8, 2, 11
1854: 2
1754: 8, 2
525: 8, 2, 11, 4
441: 8, 2, 11
749: 8, 2, 11, 61
278: 8, 2, 11
642: 8, 2, 11
135: 8, 2, 11
2162: 8, 2, 11
767: 8, 2, 11
209: 2, 37
1010: 2, 37
1584: 8, 2, 11
986: 8, 2, 11
651: 8, 2, 11
358: 8, 2, 11, 61
1298: 2, 8, 11, 4, 61
705: 8, 2
1207: 8, 2
1954: 2, 37
1329: 37, 4
1788: 8, 2, 11
1958: 8, 2, 11
156: 8, 2, 11
1931: 8, 2, 11
881: 8, 2, 11, 61
1435: 8, 2, 11
1021: 8, 2, 11, 61
1261: 8, 2, 11, 61
1796: 8, 2
1023: 8, 2, 11, 61
1063: 37, 4
1527: 8, 2, 11
502: 8, 2, 11
1703: 8, 2, 11, 61
1049: 8, 2, 11, 61
574: 8, 2, 11, 4
557: 2, 192, 8, 11, 4
2124: 8, 2, 11, 61
182: 8, 2, 377
1243: 2, 37, 377
796: 2, 92, 8, 11, 37
1282: 8, 2, 11
365: 8, 2, 11
1944: 8, 11, 37, 4
1972: 8, 2, 11
723: 8, 2
1793: 8, 2, 11, 61
811: 2, 178, 192, 8, 11
1101: 8, 2, 11
1097: 8, 2, 11
816: 8, 2
710: 8, 2, 11
1445: 2, 37
1443: 8, 2, 11, 61
1196: 8, 2, 11
963: 8, 2, 11
581: 8, 2, 11, 61
9: 8, 2, 11
1823: 8, 2
2114: 8, 2, 11, 61
1733: 8, 2
1323: 8, 2, 11, 61
713: 2, 92, 8, 11, 37
431: 8, 2, 11, 61
1979: 8, 2, 11, 61
1781: 8, 2, 11, 61
1131: 2, 8, 11, 4, 61
20: 8, 2, 11
1432: 8, 2, 11, 178
854: 2, 11
1642: 2, 37
1770: 8, 2
991: 8, 2, 11
1487: 8, 2, 11
1493: 8, 2, 377
989: 2, 192, 8, 11, 61
632: 8, 2, 11, 61
99: 8, 2, 11
2122: 8, 2, 11
1092: 8, 2, 11, 4
1401: 8, 2, 11
2033: 8, 2, 11
2036: 8, 2, 11, 61
861: 8, 2, 11
1625: 8, 2, 11
1320: 2, 192, 8, 11, 4
231: 2, 245, 37
394: 8, 2, 11
1395: 8, 2, 11
2042: 8, 2, 11
1541: 8, 2, 11, 4
798: 8, 2, 11
1594: 2, 245
833: 8, 11, 4, 61, 37
622: 8, 2, 11
185: 734, 317, 4, 210, 533, 2155, 179, 2134, 8, 2167, 1551, 1022, 184, 61, 1088, 2031, 64, 145, 2034
1538: 2
1664: 8, 2, 11
186: 287, 178, 192, 4, 185, 37
294: 245, 8, 11, 4, 37
303: 8, 2, 11
316: 8, 2, 11
1814: 8, 2, 11
1302: 8, 2, 11
643: 2, 8, 11, 4, 61
438: 8, 2, 11
608: 2
1031: 8, 2, 11
355: 2, 8, 11, 4, 61
820: 2
822: 2, 8, 11, 4, 61
1773: 8, 2, 11, 178
327: 2
234: 8, 2, 11
1626: 8, 11, 4
1959: 8, 2
1056: 8, 2
2115: 8, 2, 11, 178
1591: 8, 2, 11, 61
2093: 8, 2, 11
138: 8, 2, 11, 61
1835: 2, 11
1260: 8, 2, 11, 61
313: 8, 2, 11
1798: 8, 2, 11, 61
735: 8, 2, 11
866: 8, 2, 11, 61
1964: 8, 2
1237: 8, 2, 11, 4
740: 8, 2, 11, 178
942: 8, 2, 11, 61
685: 8, 2, 11
751: 8, 2
2009: 8, 2, 11, 61
1716: 8, 2, 11
901: 8, 2, 11, 4
1667: 8, 2, 11
1410: 8, 2, 11
2017: 8, 2, 11
46: 2, 37
2161: 2163, 2, 37
1975: 8, 2, 11
1587: 8, 2, 11
70: 8, 2, 11, 61
184: 144, 2, 293, 37
1658: 8, 2
736: 8, 2, 11
850: 8, 2, 11
1863: 8, 2, 11
1295: 8, 2
513: 8, 2, 11
10: 8, 2, 11
624: 8, 2
2131: 8, 2, 11
442: 2, 178, 8, 11, 61
26: 8, 2, 11
1093: 8, 2, 11
1272: 8, 2, 11
1790: 4
410: 8, 2, 11, 61
1970: 8, 2, 11, 61
58: 8, 2, 11
41: 2, 11
503: 8, 2, 11
1510: 2, 8, 11, 4, 61
1640: 8, 2, 11, 61
1821: 8, 2, 11, 192
1024: 8, 2, 11
1341: 8, 2, 11, 37
97: 8, 2, 11
1994: 8, 2, 11, 61
352: 2, 37
556: 8, 2, 11
1012: 8, 2, 11, 61
512: 8, 2, 11, 4
1081: 8, 2, 11, 61
1005: 8, 2, 11
1026: 8, 2
1107: 8, 2, 11
1841: 8, 2, 11, 4
360: 2, 92, 8, 11, 37
373: 4
359: 245, 4
1366: 8, 2, 11, 61
1552: 8, 2, 11, 61
112: 2, 92, 8, 11, 37
89: 8, 2, 11
729: 8, 2, 11, 178
761: 8, 2, 11
1358: 8, 2, 11
115: 8, 2, 11
1953: 8, 2
1072: 8, 2, 11
1852: 8, 2, 11
914: 8, 2, 11
1725: 8, 2, 11
1471: 8, 2, 11
1265: 8, 2, 11
1310: 8, 2, 11
2140: 8, 2, 11
1348: 2, 37, 377
1041: 8, 2, 11
1289: 8, 2, 11
1008: 2, 245, 37
653: 8, 2, 11
1240: 8, 2, 11
1427: 8, 2
2045: 8, 2, 11
1816: 8, 2
164: 8, 2, 11
152: 8, 2, 11
597: 8, 2, 11
1029: 8, 2, 11, 61
633: 8, 2, 11
114: 2, 92, 8, 11, 37
411: 8, 2, 11
446: 8, 2, 11
1777: 8, 2, 11, 61
1878: 8, 2, 11
535: 8, 2, 11, 61
1453: 8, 2, 11
408: 8, 2, 11
104: 8, 2, 11
1530: 8, 2, 11
324: 8, 2, 11
1308: 8, 2, 11
1843: 8, 2, 11
300: 8, 2, 37, 377
2023: 8, 2, 11, 61
1404: 8, 2
1652: 2, 37
83: 37, 4
1140: 8, 2, 11, 61
712: 8, 2, 11
1424: 2, 37
1950: 8, 2
1374: 8, 2, 11
170: 8, 2, 11, 4
923: 8, 2
436: 8, 2, 11
265: 8, 2, 11
66: 2, 92, 8, 11, 37
435: 8, 2, 11
1810: 8, 2, 11
1228: 8, 2, 11, 61
262: 8, 2, 11, 61
656: 2, 377
2172: 8, 2, 11
1792: 8, 2
588: 8, 2, 11
168: 8, 2, 11, 61
595: 2, 37
1233: 8, 2, 11
1274: 8, 2, 11
814: 8, 2, 11
1924: 8, 2
131: 8, 2, 11, 61
885: 8, 2, 11
1090: 8, 2, 11, 61
1088: 2
1119: 8, 2, 11, 61
1730: 8, 2, 11, 61
835: 8, 2, 11
61: 1513, 2151, 1054, 1429, 2030, 173, 317, 2182, 11, 2013, 1572, 1111, 533, 2, 179, 728, 245, 1957, 1025, 2005, 8, 2103, 2112, 300, 2076, 985, 2156, 144, 433, 1190, 2130, 184, 2158, 2046, 1376, 593, 37, 395, 867, 1768, 2127, 1708, 64, 145, 1563, 2148, 489, 434, 1778
962: 8, 2, 11
564: 8, 2, 11
2024: 8, 2, 11, 192
514: 8, 2, 11
1674: 8, 2, 11
200: 8, 2, 11
368: 8, 2, 11, 61
1069: 2, 377
1620: 8, 2, 11
1569: 8, 2, 11
1751: 8, 2, 11, 61
792: 8, 2
1048: 8, 2, 11, 61
470: 8, 2, 11, 61
163: 8, 2, 11
1089: 8, 2, 11
1986: 8, 2, 11, 61
266: 8, 2, 11
1244: 8, 2, 11
1768: 2, 61
939: 8, 2, 11, 61
1047: 8, 2, 11
1492: 8, 2, 11, 61
945: 8, 2, 11
821: 8, 2, 11
1338: 8, 2, 11
1915: 2
1562: 8, 2, 11
878: 8, 2, 11
409: 8, 2
1199: 8, 2, 11
935: 4
1378: 8, 2, 11, 37
181: 8, 2
180: 8, 2, 11, 61
628: 8, 2, 11, 61
1935: 2
1668: 8, 2
1178: 8, 2, 11
1076: 8, 2, 11
1083: 2, 11
968: 8, 2, 11
304: 2
1769: 8, 2, 11
1191: 8, 2, 11
1187: 2
664: 8, 2, 11
951: 8, 2, 11, 61
725: 8, 2, 11
283: 8, 2, 11
1698: 8, 2, 11, 4
1966: 8, 2, 11, 61
141: 8, 2, 11
2089: 8, 2, 11
1558: 8, 2, 11, 61
1665: 2, 37
1567: 8, 2, 11
839: 8, 2, 11, 61
1794: 8, 2, 11
197: 2, 11, 37
88: 8, 2, 11, 4
1653: 8, 2
1337: 8, 2, 11, 178
75: 8, 2, 11, 4
36: 2, 8, 11, 61, 37
51: 8, 2, 11
1099: 2
1632: 8, 2, 11
1705: 8, 2, 11
216: 8, 2, 11
1326: 37, 4
957: 8, 2, 11
1813: 8, 2
1393: 8, 2, 11
1945: 8, 2, 11
1905: 2
545: 8, 2
420: 8, 2, 11
655: 8, 2, 11
35: 8, 2, 11
1037: 2, 37, 377
272: 2, 11, 37, 1617
508: 8, 2, 11
119: 8, 2, 11, 178
1747: 8, 2
146: 8, 2, 11, 61
280: 8, 2
212: 8, 2, 11, 192
1255: 8, 2, 11
247: 8, 2
1820: 245, 37, 4
1156: 8, 2
1211: 8, 2, 11, 4
151: 8, 2, 11
1879: 8, 2, 11
1382: 8, 2, 11, 61
1624: 2
1276: 2
1001: 8, 2, 11
1534: 8, 2, 11, 61
1886: 2
30: 8, 2, 11
987: 8, 2, 11
1985: 8, 2, 11, 61
571: 8, 2, 11
1415: 8, 2, 11, 4
463: 8, 2
1846: 8, 2, 11
236: 8, 2, 11, 61
362: 8, 2, 11
893: 8, 287, 2, 11
916: 2, 11, 245
1663: 8, 2
1085: 8, 2, 11, 61
978: 2, 11, 37
742: 8, 2
2066: 8, 2, 11, 4
1833: 8, 2, 11
1134: 8, 2, 11
55: 8, 2, 11
2026: 8, 2, 11
863: 8, 2, 11, 61
775: 8, 2, 11
322: 8, 2, 11
1330: 8, 2, 11, 61
528: 8, 2, 11, 61
583: 8, 2, 11
1202: 8, 2, 4
57: 8, 2, 11
336: 8, 2
2071: 8, 2, 11
406: 8, 2
439: 37, 4
1110: 8, 2
774: 8, 2, 11, 4
221: 8, 2, 11
1503: 8, 2, 11
40: 8, 2, 11
412: 8, 2, 11
1633: 8, 2, 11
1068: 8, 2, 11
1215: 8, 2, 11
601: 8, 2, 11, 4
1315: 8, 2, 11
1968: 4
832: 8, 2
1908: 8, 2, 11, 61
1520: 8, 2, 11
201: 8, 2, 11
7: 8, 2, 11
1559: 8, 2, 11, 61
474: 8, 2, 11, 61
1598: 8, 2, 11
1074: 8, 2, 11
800: 8, 2, 11
590: 8, 2, 11
1447: 8, 2, 11
2107: 8, 2, 11, 61
1782: 2
626: 8, 2, 11, 61
468: 8, 2, 11
1806: 8, 2, 11
50: 8, 2, 11
1528: 8, 2
1613: 8, 2, 11
765: 8, 2, 11
1184: 2, 8, 11, 4, 61
691: 8, 2
894: 8, 2, 11, 4
1019: 8, 2, 11, 61
551: 8, 2, 11
381: 2, 37
1218: 2
1150: 8, 2, 11
1290: 8, 2, 11, 61
268: 8, 2, 11
307: 8, 2
815: 8, 11, 37, 4
1221: 8, 2, 11
1675: 8, 2, 11
1990: 8, 2, 11
1022: 2, 37
652: 8, 2, 11
232: 8, 2, 11
171: 8, 2, 11, 61
290: 8, 2, 11, 61
379: 8, 2, 11
289: 8, 2, 11
228: 8, 2, 245, 37
1842: 8, 2
1938: 2
637: 8, 2, 11
1159: 8, 2, 4
121: 8, 2, 11
2072: 8, 2, 11
273: 8, 2, 11
287: 734, 317, 11, 1941, 639, 210, 1572, 459, 533, 2, 179, 1949, 8, 311, 288, 1475, 1022, 1198, 184, 92, 1996, 2059, 804, 294, 695, 1088, 1523, 64, 145
1234: 2, 37, 377
2043: 8, 2, 11, 61
315: 2, 92, 8, 11, 37
60: 8, 2, 11, 61
281: 8, 2, 11
2168: 8, 2, 11
29: 8, 2, 11
1046: 2
159: 2
763: 8, 2, 11
921: 8, 2, 11, 61
361: 8, 2, 11
726: 8, 2
1020: 8, 2
466: 8, 2, 11, 61
350: 8, 2, 11
1345: 8, 2, 11, 61
631: 8, 2, 11, 61
658: 8, 2, 11, 61
1303: 8, 2, 11, 61
1220: 2, 37
1258: 8, 2
1180: 2, 37
1619: 8, 2, 11, 61
1384: 2
1565: 8, 2, 11
799: 8, 2, 11, 61
1403: 8, 2
33: 2, 8, 11, 4, 61
1253: 8, 2
43: 8, 2, 11
53: 8, 2, 11, 4
1710: 8, 2, 11
972: 8, 2, 11
1247: 8, 2
42: 8, 2, 11
363: 8, 2, 11, 61
780: 8, 37, 2, 61
684: 2, 8, 11, 4, 61
1367: 8, 2, 11, 61
611: 8, 2
460: 8, 2, 11
1669: 8, 2, 11, 61
1480: 8, 2, 11
190: 8, 2, 11, 4
627: 8, 2, 11
670: 8, 2, 11, 61
233: 2, 37
354: 8, 2, 11
1919: 8, 2
639: 185, 37, 4
1283: 8, 2, 11, 61
1430: 8, 2, 11
949: 8, 2, 11
161: 8, 2, 11
805: 8, 2, 11
1405: 8, 2, 11
207: 8, 2, 11, 37
743: 8, 2, 11
169: 8, 2, 11, 61
271: 2, 11
518: 8, 2, 11, 61
1892: 8, 2
636: 8, 2, 11, 61
398: 8, 2, 11
32: 8, 2
1222: 8, 2, 11
427: 8, 2, 11, 61
407: 2, 37
1340: 8, 2, 11
241: 2, 8, 11, 4, 61
1523: 245, 37, 4
147: 8, 2, 11
103: 8, 2, 11
1474: 8, 2, 11
1519: 8, 2, 11
333: 8, 2, 11, 61
418: 8, 2
919: 8, 2, 11
641: 8, 2, 11, 37
696: 8, 2, 11, 61
1123: 8, 2, 11
915: 8, 2, 11
1368: 8, 2, 11, 61
2067: 8, 2, 11, 178
1209: 8, 2, 11, 61
1573: 8, 2, 11, 61
1171: 8, 2, 11, 61
1807: 8, 2, 11, 61
389: 8, 2, 11, 192
1499: 8, 2
1259: 8, 2, 11, 4
1197: 8, 2, 11, 61
1422: 2
484: 8, 2, 11, 4
301: 8, 2, 11
1755: 8, 2, 11
1864: 8, 2, 11, 178
13: 8, 2, 11
430: 2, 37
1912: 8, 2, 11
2074: 8, 2, 11
1193: 8, 2, 11
909: 2, 37
912: 8, 2, 11, 61
1882: 8, 2
1142: 8, 2, 11
1055: 2, 37
1918: 8, 2, 11
1657: 2
1301: 8, 2
783: 8, 2
1053: 8, 2, 11, 61
694: 8, 2, 11
665: 8, 2, 11, 61
2022: 8, 2, 11, 61
1692: 8, 2, 11, 61
1114: 8, 2, 11
887: 8, 11, 245, 4
1834: 8, 2, 11
348: 2
560: 8, 2, 11
93: 8, 2, 11
1845: 8, 2, 11
506: 8, 2, 11, 61
731: 8, 2, 11, 4
1804: 8, 2, 37
1508: 8, 2, 11
194: 8, 2, 11
605: 8, 2, 11, 61
746: 8, 2, 11, 192
661: 8, 2, 11
1232: 2
1670: 8, 2, 11
1128: 8, 2, 37
2098: 8, 2, 11, 61
330: 8, 2
750: 2, 37
2032: 8, 2, 11
276: 8, 2, 11, 61
918: 8, 2
1122: 8, 2, 11, 61
673: 2, 8, 11, 4, 61
385: 2
1147: 2, 8, 11, 61, 593
1441: 2, 245, 37, 4
1536: 8, 2, 11
876: 8, 2, 11
1: 8, 2, 11
1126: 2
1262: 8, 2, 11
117: 8, 2, 11
594: 8, 2, 11
2085: 8, 2, 11
445: 8, 2, 11, 4
219: 8, 2, 11, 61
367: 8, 2
587: 2, 178, 8, 11, 61
789: 8, 2
1586: 8, 2, 11, 61
1686: 8, 2, 11
974: 8, 2, 11
1517: 8, 2, 11, 61
483: 8, 2, 11
1124: 2, 245, 37
165: 8, 2, 11, 61
1285: 8, 2, 11
979: 8, 2, 11
1484: 2
1718: 8, 2, 11
199: 8, 2, 11, 4
480: 245, 8, 11, 4, 37
869: 8, 2, 11
499: 2, 8, 11, 4, 61
1477: 8, 2, 11, 61
992: 8, 2, 11, 178
1235: 8, 2, 11
1412: 8, 2, 11, 61
1466: 2
1413: 8, 2, 11, 192
96: 8, 2, 11, 4
505: 2, 37
264: 8, 2, 11
263: 8, 2, 11
203: 8, 2, 11
911: 8, 2, 11
282: 2, 245, 37
2008: 8, 2, 11
827: 8, 2, 11
825: 8, 2, 11
1121: 8, 2, 11, 61
715: 2
458: 8, 2, 11
447: 8, 2, 11, 61
1717: 8, 2, 11, 61
802: 2, 37
143: 8, 287, 2, 11
577: 8, 2, 11, 61
448: 8, 2, 11
733: 8, 2
2108: 8, 2, 11
645: 8, 2, 11
211: 8, 2, 11
1361: 8, 2
1500: 8, 2, 11, 61
896: 2, 11, 37
927: 8, 2, 11
1316: 2, 192, 8, 11, 61
860: 8, 2, 11
246: 8, 2, 11, 192
312: 8, 2, 11
1830: 2
971: 2, 37
1604: 8, 2, 11
1497: 8, 2, 11
1856: 8, 2, 11, 61
1146: 8, 2, 11
1515: 8, 2, 11, 61
1611: 8, 11, 245, 4
2106: 8, 2, 11
1336: 8, 2, 11, 4
1458: 8, 2, 11, 61
997: 8, 2, 11
654: 8, 2, 11
1352: 245, 37, 4
1016: 8, 2, 11, 37
1566: 2
108: 8, 2, 11
1127: 2, 245, 37
261: 2, 37, 377
174: 8, 2, 11, 4
900: 2, 192, 8, 11, 61
667: 8, 2, 11, 61
1317: 2
905: 8, 2, 11
1183: 8, 2, 11, 61
1299: 2, 593, 37
179: 2
1364: 8, 2, 11, 61
1402: 8, 2, 11
417: 8, 2, 11, 61
400: 8, 2, 11, 61
1160: 8, 2, 11
237: 8, 2, 11
1648: 8, 2, 11, 61
584: 8, 2, 11
659: 8, 2, 11, 61
1600: 2, 11
1724: 8, 2, 11
196: 8, 2, 11
1231: 8, 2, 11
497: 8, 2, 11
1293: 8, 2, 11
1365: 8, 2, 11
1662: 8, 2, 11
662: 8, 2, 11, 4
504: 8, 2, 11
1224: 8, 2
960: 8, 2, 11
539: 8, 2, 11
1164: 8, 2, 11
2011: 8, 2, 11, 61
1309: 2, 37, 1617
1440: 245, 4
334: 8, 2, 11
1550: 8, 2, 11, 61
17: 8, 2, 11
1028: 245, 4
1242: 8, 2, 11
848: 8, 2, 11
65: 8, 2, 11
158: 8, 2, 11, 61
2073: 8, 2, 11, 61
1734: 8, 2, 11, 61
903: 8, 2, 11
224: 8, 2, 11, 61
1946: 8, 2
2105: 8, 2, 11
1167: 8, 2, 11
1578: 8, 2, 11, 61
1920: 2, 11
948: 8, 2
1577: 8, 2
1872: 8, 2, 11, 61
153: 8, 2
1737: 8, 2
1837: 8, 2
1389: 8, 2, 11
1759: 8, 2, 11
741: 8, 2
1297: 8, 2, 11
553: 8, 2
100: 8, 2, 11
482: 8, 2, 11
1514: 2, 37
1592: 8, 2, 11, 4
855: 8, 2, 11
784: 2, 8, 11, 4, 61
1812: 8, 2, 11
953: 8, 2, 11
14: 8, 2, 11
1749: 8, 2, 11
1454: 2, 11
1195: 8, 11, 245, 4
1504: 2
2050: 8, 2, 11
1635: 8, 2, 11
847: 8, 2
495: 2, 8, 11, 4, 61
2117: 8, 2, 11
98: 8, 1033, 37, 4
21: 2, 8, 11, 377, 37
477: 8, 2, 11
485: 8, 2, 11
1203: 2
1216: 8, 2, 11
511: 8, 2, 11
1697: 8, 2, 11, 61
486: 8, 2, 11
243: 8, 2, 11, 178
617: 8, 2, 11
2125: 8, 2, 11
753: 8, 2, 11
1362: 8, 2, 11, 192
1372: 8, 2, 11, 61
882: 2, 178, 8, 11, 61
946: 8, 2, 11
306: 2, 37
464: 8, 2, 92, 37
1133: 8, 2, 11, 178
547: 8, 2, 11, 4
469: 8, 2
3: 8, 2, 11, 4
1129: 8, 2, 11
1868: 8, 2, 11, 61
698: 8, 2, 11
1219: 8, 2, 11
779: 2, 92, 8, 11, 37
2166: 8, 2, 11
721: 8, 2, 11, 4
851: 2, 37
250: 2, 11
1729: 8, 2, 11
758: 8, 2, 11
1913: 8, 2, 11
255: 8, 2, 11
1278: 2, 37
954: 8, 2, 11, 61
1334: 8, 2, 11
314: 8, 2, 11, 4
1836: 8, 2, 11
1744: 8, 2
1576: 8, 2, 11
529: 8, 2, 11
260: 8, 2, 11, 61
28: 8, 2, 11, 4
1102: 8, 2, 11
1398: 8, 2, 11, 61
54: 8, 2, 11
295: 8, 2, 11, 61
1079: 8, 2, 11, 61
604: 8, 2, 11
286: 8, 2, 11, 61
708: 8, 2, 11
810: 8, 2, 11
457: 8, 2, 11, 61
2088: 8, 2, 11
396: 8, 2, 11
178: 734, 259, 1800, 480, 295, 173, 317, 413, 1858, 1301, 11, 1936, 2099, 639, 210, 2029, 533, 2, 179, 304, 348, 1726, 518, 383, 2134, 8, 1094, 2113, 2027, 1364, 1551, 797, 1022, 433, 1190, 1638, 2095, 207, 184, 2084, 2139, 700, 61, 395, 509, 37, 1930, 1088, 2116, 1825, 2031, 145, 1222, 2000, 858, 641
1811: 8, 2, 11, 192
1623: 8, 2, 11, 61
1767: 8, 2
1387: 8, 2, 11
764: 8, 2, 11, 61
455: 8, 2, 11, 61
1952: 8, 2
351: 8, 2, 11, 61
1155: 8, 2, 11
1153: 8, 2, 11
1998: 8, 2, 11
1245: 8, 2, 11
1505: 8, 2, 11
858: 8, 245, 37, 4
1175: 8, 2, 11
1359: 8, 2
990: 8, 2
1983: 8, 2, 11
443: 8, 2, 11
1452: 2, 37
45: 8, 2, 11
961: 8, 2, 11
1746: 8, 2
1921: 2
1491: 8, 2, 11, 61
1818: 2, 245, 37
1593: 8, 2
1637: 8, 2, 11
766: 8, 2, 11
910: 8, 2, 11
603: 8, 2
44: 8, 2, 11
1621: 8, 2
1409: 8, 2, 11
980: 8, 2, 11
623: 8, 2, 11
1007: 8, 2, 11
573: 8, 2, 11, 61
1661: 2, 11, 37
1615: 8, 2, 11
870: 8, 2, 11
62: 2, 8, 11, 4, 61
1659: 2
1174: 8, 2, 11
155: 8, 2, 11
1241: 8, 2, 11, 61
807: 8, 2, 11
1595: 8, 2, 11
877: 8, 2, 11, 178
823: 8, 2, 11, 4
1791: 8, 2
160: 8, 2, 11, 61
930: 8, 2, 11, 61
338: 8, 2, 11
1149: 8, 2, 11
1974: 8, 2, 11, 61
1549: 8, 2, 11
1144: 8, 2, 11
1719: 8, 2, 11, 61
69: 8, 2, 11
875: 8, 2, 11
682: 8, 2, 11
1438: 8, 2, 11
1467: 1617, 11, 37, 4
384: 8, 2, 11
724: 8, 2
140: 8, 2, 11
1574: 8, 2
345: 8, 2, 11
695: 245, 8, 11, 4, 37
1185: 8, 2, 11
150: 8, 2, 11
56: 8, 2, 11, 61
586: 8, 2, 11
2038: 8, 2
672: 8, 2, 11, 4
332: 8, 2, 11
690: 8, 2, 11, 192
737: 8, 2, 11, 61
331: 8, 2, 11
1865: 8, 2, 11, 61
937: 8, 2, 11
1189: 8, 2, 11
676: 8, 2, 11, 61
326: 8, 2, 11, 37
1969: 8, 2, 11, 61
319: 8, 2, 11
613: 8, 2, 11
371: 8, 2, 11, 178
1851: 8, 2
206: 2, 37, 377
342: 8, 2, 11, 4
1200: 8, 2, 11, 61
1829: 8, 2, 11
1057: 8, 2, 11
803: 8, 2, 11
2096: 8, 2, 11
1418: 8, 2, 11
889: 8, 2, 11
646: 8, 2, 11
1521: 8, 2, 11, 61
205: 8, 2, 11, 61
2080: 8, 2, 11, 61
487: 8, 2, 11
1785: 8, 2, 11, 61
1701: 8, 2
1152: 2, 37
1540: 8, 2, 11
1098: 8, 2, 11
1256: 2, 178, 192, 8, 11
777: 8, 2, 11
59: 8, 2, 11
1052: 2, 11
530: 8, 2, 11, 61
1772: 8, 2, 11, 61
214: 2, 1617
988: 8, 2, 11
895: 8, 2, 11
291: 8, 2, 11
1135: 8, 2, 11, 61
1848: 4
934: 8, 2, 11
812: 8, 2, 11
1162: 8, 2, 11
329: 8, 2, 11, 4
1451: 8, 2, 11
1606: 8, 2
1465: 2, 377
818: 8, 2, 11
77: 8, 2, 11, 61
1407: 8, 2, 11
375: 2, 192, 8, 11, 61
566: 8, 2, 11
899: 8, 2
471: 2, 178, 192, 8, 11
1017: 8, 2, 11
785: 8, 2, 11
880: 8, 2
1859: 8, 2
1832: 2
1609: 8, 2, 11
1883: 2
938: 8, 2, 11
1169: 2
1940: 8, 2
1469: 8, 2
1226: 8, 2
204: 8, 2, 11
648: 8, 2, 11, 178
1319: 8, 2, 11
1288: 8, 2
1588: 8, 2
520: 8, 2, 11, 61
1904: 8, 2, 11
1321: 8, 2
1096: 8, 2, 11
845: 8, 2, 11
1736: 8, 2, 11, 61
1887: 8, 2
1249: 8, 2, 11
15: 8, 2, 11, 4
1629: 8, 2, 11
596: 8, 2, 11
747: 8, 2, 11
650: 8, 2, 11, 61
188: 2, 8, 11, 4, 61
1502: 8, 2, 11
31: 8, 2, 11
1771: 2, 192, 8, 11, 61
1512: 8, 2, 11
137: 8, 2, 11, 61
402: 8, 2, 11, 61
727: 8, 2, 11
162: 8, 2, 11
429: 2, 37, 377
1091: 8, 2, 11
745: 8, 2, 11, 61
554: 8, 2, 11, 61
1252: 2, 37, 377
730: 8, 2, 11, 61
1614: 8, 2
1639: 8, 2, 11
846: 8, 2, 11
806: 2, 37
1181: 8, 2
599: 8, 2, 11
790: 8, 2, 11
11: 2094, 533, 2121, 179, 173, 317, 2179, 64, 2057, 145, 762, 2082, 4, 2142
902: 2
692: 8, 2, 11, 61
841: 8, 2, 11
308: 8, 2
1722: 8, 2
47: 8, 2, 11
267: 8, 2, 11
192: 734, 1559, 173, 317, 413, 1858, 1980, 2063, 1732, 1936, 11, 1301, 639, 4, 2056, 210, 2029, 687, 2119, 671, 2149, 1680, 533, 2048, 179, 304, 348, 1726, 1015, 2134, 383, 8, 193, 279, 2167, 2113, 2027, 1551, 1154, 2039, 797, 1976, 2145, 433, 1022, 1638, 457, 2095, 207, 184, 2051, 1082, 2153, 2084, 1478, 780, 1773, 709, 61, 395, 509, 37, 1930, 1088, 1910, 2116, 1825, 2031, 1658, 64, 145, 1222, 2037, 2118, 1030, 1730
1229: 8, 2, 11, 61
1342: 8, 2, 11
230: 8, 2, 11, 61
1808: 8, 2
1192: 2, 37
356: 8, 2, 11
669: 8, 2
995: 8, 2, 11
1982: 8, 2, 11
702: 8, 2, 11, 61
1004: 8, 2, 11, 61
310: 2, 11, 245, 37
1742: 2, 37
1579: 8, 2, 11, 61
1721: 2, 37
965: 8, 2, 11, 4
952: 8, 2, 11, 61
393: 8, 2, 11, 4
1537: 8, 2, 11
370: 8, 2
983: 8, 2
299: 2, 37, 377
1104: 8, 2, 92
248: 2, 377
73: 8, 2, 11, 178
1212: 8, 2, 11, 61
1776: 8, 2
1934: 8, 2
144: 2156, 985, 533, 2, 179, 173, 317, 184, 64, 145, 2082, 377, 37, 570
925: 8, 2
1109: 8, 2, 11, 61
1141: 2, 37, 377
575: 8, 2, 11, 192
465: 2, 92, 8, 11, 37
1962: 2, 37
1965: 8, 2, 37
1087: 8, 2, 11
1483: 8, 2, 11
1891: 8, 2, 11
1040: 8, 11
2054: 8, 11
1463: 8, 11
2092: 8, 11
2019: 8, 11
1271: 8, 11
1470: 8, 11
1351: 8, 11
1636: 8, 11
4: 891, 382, 1347, 366, 1618, 173, 317, 984, 1518, 11, 175, 1115, 2141, 496, 533, 179, 1236, 397, 819, 2152, 239, 1551, 2109, 2126, 693, 2087, 49, 223, 450, 2047, 970, 2170, 285, 2142, 1622, 1120, 1831, 2079, 270, 2150, 1847, 1472, 337, 64, 145, 252, 340, 189, 2137
2: 891, 382, 1347, 2159, 366, 1248, 1618, 173, 317, 762, 984, 1518, 2129, 175, 1115, 2141, 496, 533, 2069, 179, 397, 1236, 2134, 819, 8, 2152, 2157, 2171, 239, 693, 2087, 49, 223, 450, 975, 2084, 970, 285, 1622, 1831, 2079, 1120, 270, 2097, 1847, 1436, 1472, 337, 145, 2154, 252, 340, 2082, 189, 2016, 2137
1740: 8, 61, 11
2001: 8
2055: 11
1616: 8
449: 8, 11
1936: 8
461: 8
328: 8, 11
1416: 8, 11
561: 8, 61, 11
2081: 8, 11, 192
531: 8, 11
1580: 8, 192, 11, 178
2147: 8, 11, 4
1061: 8, 61, 11
2062: 8
134: 8, 11
2174: 8
1875: 8
782: 11
1490: 8, 11
2138: 8
1922: 37
1548: 23
2144: 23
1903: 23
376: 37, 377
481: 23
1601: 23
1894: 23
254: 23
1602: 23
1414: 37, 377
1313: 23
1456: 23
1766: 37
794: 23
1051: 37, 377
2146: 23
1596: 37
1682: 23
1870: 23
208: 23
454: 23
926: 23
1948: 23
2102: 23
1411: 23
563: 23
22: 23
1036: 37
1727: 23
2111: 37
1273: 23
1723: 37
998: 37
1822: 23
1895: 37
1900: 23
1933: 23
1684: 23
1100: 23
1408: 23
1867: 23
1713: 37
1786: 23
1108: 23
1827: 23
771: 23
1660: 23
1787: 23
1399: 23
1676: 23
2010: 23
1779: 37
1649: 23
475: 23
344: 23
906: 23
1926: 23
1932: 23, 126
1305: 37, 377
253: 23
550: 37, 391
1839: 23
1890: 23
2068: 23
2178: 23
349: 23
2060: 23
1753: 23
1885: 23
1545: 23
1873: 23
1967: 23
976: 23
2120: 23
873: 23
1148: 23
2165: 23
136: 37
836: 37
1993: 23
817: 23
1643: 23
1700: 23
1481: 23
1396: 37
2064: 23
122: 37, 391
2177: 23
1546: 23
84: 23
1286: 23
1370: 23
701: 23
493: 23
1067: 23
1748: 23
2104: 23
630: 23
1711: 23
404: 37
1379: 23
1062: 23
864: 23
1939: 23
387: 23
1570: 37
123: 23
1526: 23
865: 23
2133: 23
1137: 23
1780: 23
1899: 23
1923: 23
2143: 23
2136: 23
1084: 23
748: 23
1757: 23
1417: 23
1893: 23
1118: 23
2123: 23
569: 23
1928: 61
1941: 245
1475: 377
703: 377
377: 144
1529: 245
756: 377
92: 287
1956: 245
1720: 377
1880: 377
298: 245
245: 61
1344: 126
125: 126
1857: 126
719: 126
1511: 126
1112: 192, 178
1693: 287
786: 287, 2, 178, 192, 8, 11, 4, 61, 185
1764: 1765, 1128, 2181, 1445
2175: 1764
